timestamp,speed,distance,direction
7.165307700051926,0.0,0.0,0
7.231725899968296,0.0,0.0,0
7.284965600003488,0.0,0.0,0
7.348310200031847,0.0,0.0,0
7.398515100008808,0.0,0.0,0
7.45894230005797,0.0,0.0,0
7.515249900054187,0.0,0.0,0
7.582652600016445,0.0,0.0,0
7.647858900018036,0.0,0.0,0
7.714773499988951,0.0,0.0,0
7.781351799960248,0.0,0.0,0
7.8314251999836415,0.0,0.0,0
7.8816185999894515,0.0,0.0,0
7.947945200023241,0.0,0.0,0
7.998044100007974,0.0,0.0,0
8.064570600050502,0.0,0.0,0
8.13117459998466,0.0,0.0,0
8.197841900051571,0.0,0.0,0
8.264482600032352,0.0,0.0,0
8.331166099989787,0.0,0.0,0
8.39780250005424,0.0,0.0,0
8.4644051999785,0.0,0.0,0
8.531214599963278,0.0,0.0,0
8.597826199955307,0.0,0.0,0
8.647877600044012,0.0,0.0,0
8.7151162000373,0.0,0.0,0
8.781086800037883,0.0,0.0,0
8.831252100062557,0.0,0.0,0
8.898015500046313,0.0,0.0,0
8.964645000058226,-0.003929190523014426,-0.0002618,2
9.031356899999082,0.0039243373405959325,0.0,1
9.097813299973495,-0.007878849895594623,-0.0005236,2
9.164483200060204,-0.027487666812408437,-0.0023562,2
9.231136600021273,-0.031422253046705685,-0.004450600000000001,2
9.297734100022353,-0.07075941288972643,-0.009163000000000001,2
9.364417199976742,-0.10600287036497842,-0.0162316,2
9.414544100058265,-0.19846429728989112,-0.026180000000000002,2
9.481069999979809,-0.18102423288076455,-0.0382228,2
9.531238700030372,-0.2922300156317402,-0.0528836,2
9.597842899966054,-0.2043955187983083,-0.0664972,2
9.648011700017378,-0.2035169266467343,-0.07670740000000001,2
9.71458170004189,-0.19663512085293675,-0.08979740000000001,2
9.781044799950905,-0.27573194787916105,-0.10812340000000001,2
9.831088899984024,-0.4446678027034736,-0.1303764,2
9.881298099993728,-0.4484198114219844,-0.1528912,2
9.948138099978678,-0.24284260927071846,-0.16912280000000002,2
10.014641599962488,-0.25194463455425675,-0.18587800000000002,2
10.064700999995694,-0.39746381272651926,-0.2057748,2
10.131326699978672,-0.3379296578610372,-0.2282896,2
10.181492700008675,-0.4488059639304361,-0.25080440000000004,2
10.248018200043589,-0.25579664927087004,-0.26782140000000004,2
10.314531499985605,-0.2440354036583661,-0.28405300000000006,2
10.364952799980529,-0.28038150546343404,-0.29819020000000007,2
10.431597199989483,-0.18463066661785232,-0.31049480000000007,2
10.497914299950935,-0.22501888666232367,-0.3254174000000001,2
10.564700399991125,-0.17639898111898342,-0.33719840000000006,2
10.631757399998605,-0.12493252008090815,-0.34557600000000005,2
10.69787290005479,-0.0752350053432695,-0.35055020000000003,2
10.76437980006449,-0.19288524947229796,-0.36337840000000005,2
10.831121199997142,-0.19220753554682185,-0.37620660000000006,2
10.897720900014974,-0.25944261003238095,-0.39348540000000004,2
10.94793440005742,-0.34410666425152725,-0.4107642,2
11.014382499968633,-0.12213742771944155,-0.41888000000000003,2
11.064418300054967,-0.19882564049809376,-0.42882840000000005,2
11.114454000024125,-0.29300679333030294,-0.44348920000000003,2
11.164490700000897,-0.39241196979646775,-0.46312420000000004,2
11.230992499971762,-0.33068578609352606,-0.48511540000000003,2
11.281074300059117,-0.3972860393455317,-0.5050122,2
11.331242599990219,-0.32354295485977447,-0.5212438,2
11.397745199967176,-0.26769479698791526,-0.5390462,2
11.447902500047348,-0.4384446524204593,-0.5610374,2
11.514434600016102,-0.35020989884495973,-0.5843376,2
11.564579400001094,-0.3967869052415237,-0.6042344000000001,2
11.631059000035748,-0.21659275916964246,-0.6186334000000001,2
11.697747500031255,-0.235542859729312,-0.6343414,2
11.764389400021173,-0.31034829443831835,-0.6550236,2
11.831038200063631,-0.3495966916907261,-0.6783238,2
11.881077700061724,-0.40808561238178565,-0.6987442,2
11.94763970002532,-0.18485922909061522,-0.7110488,2
11.997670799959451,-0.2668700072070869,-0.7244006000000001,2
12.064546299981885,-0.2544579105097019,-0.7414176,2
12.147873400012031,-0.2839342522595462,-0.7602672,2
12.19788360001985,-0.3193308564553484,-0.7762370000000001,2
12.264529000036418,-0.14534536513535565,-0.7859236,2
12.314536800025962,-0.14134994943744725,-0.7929922,2
12.381219899980351,-0.14918922495811782,-0.8029406,2
12.447944300016388,-0.26680494677187294,-0.820743,2
12.51469740003813,-0.26669023602202063,-0.8385454,2
12.581059999996796,-0.23669958696289506,-0.8542533999999999,2
12.631598599953577,-0.2382891494876925,-0.8662962,2
12.6982858000556,-0.22377007847338215,-0.8812188,2
12.764946399955079,-0.28276973247202253,-0.9000684,2
12.831594899995252,-0.31031756134846916,-0.9207506,2
12.89815310004633,-0.23207057865366848,-0.9361967999999999,2
12.96456270001363,-0.1892256542154675,-0.9487631999999999,2
13.014698200044222,-0.27675798568944954,-0.9626385999999999,2
13.064944599987939,-0.3751432942681317,-0.9814881999999999,2
13.131262199953198,-0.335551950186033,-1.0037412,2
13.181274099973962,-0.4397193466129059,-1.0257323999999999,2
13.23128569999244,-0.40307848564236176,-1.045891,2
13.297974699991755,-0.2669465729008229,-1.0636934,2
13.364578400040045,-0.3262491420783735,-1.0854228,2
13.414607199956663,-0.4448037937565726,-1.1076758,2
13.46475309995003,-0.40721973287349295,-1.1280961999999999,2
13.514782899990678,-0.35583592150150906,-1.1458986,2
13.581622699974105,-0.24284333591699345,-1.1621302,2
13.647951300023124,-0.31181420962775064,-1.1828124,2
13.698121799970977,-0.4122382679362739,-1.2034946,2
13.74823559995275,-0.4022564644335885,-1.2236532,2
13.814720400027,-0.22445130290434206,-1.2385758,2
13.881289400043897,-0.20843635921341555,-1.2524512,2
13.931321199983358,-0.3191929936425155,-1.268421,2
13.997985700028948,-0.2788260616563282,-1.2870088,2
14.064662100048736,-0.5693318773769203,-1.3249697999999999,2
14.115440099965781,-0.28356768725675074,-1.3393688,2
14.181340800016187,-0.1668510348386236,-1.3503644,2
14.247993599972688,-0.1885352154478309,-1.3629308,2
14.298092099954374,-0.3187680271033617,-1.3789006,2
14.36498329997994,-0.27005345984368395,-1.3969648,2
14.431281900033355,-0.22508167575148388,-1.4118874,2
14.481395500013605,-0.24031001573916305,-1.4239301999999998,2
14.548014100058936,-0.14540383606693513,-1.4336167999999998,2
14.614676999975927,-0.1806522070746345,-1.4456595999999997,2
14.664856199990027,-0.30260346908148095,-1.4608439999999998,2
14.717546300031245,-0.3378699221689396,-1.4786464,2
14.781406300025992,-0.2705731287413284,-1.4959251999999998,2
14.848405300057493,-0.21100613432070753,-1.5100623999999998,2
14.89867410005536,-0.20832007130555183,-1.5205343999999998,2
14.964954799972475,-0.14219523951596486,-1.5299591999999997,2
15.031594999949448,-0.1885708626976236,-1.5425255999999998,2
15.098349699983373,-0.21570016781862952,-1.5569245999999999,2
15.164787400048226,-0.25613469435860875,-1.5739416,2
15.214943400002085,-0.28186458276189563,-1.5880788,2
15.281451500020921,-0.15351814285941484,-1.5982889999999998,2
15.348034600028768,-0.09829821680319267,-1.6048339999999999,2
15.414760999963619,-0.08239317579500563,-1.6103318,2
15.481346199987456,-0.1061587259251223,-1.6174004,2
15.531356199993752,-0.167518496279651,-1.625778,2
15.581409999984317,-0.20398451270282536,-1.6359882,2
15.648011000012048,-0.16902749200931952,-1.6472456,2
15.714650599984452,-0.1335722303808244,-1.6561468,2
15.76468390005175,-0.11511533303325895,-1.6619064,2
15.831506900023669,-0.054849378231151526,-1.6655715999999998,2
15.898013500031084,-0.09841128548550516,-1.6721165999999998,2
15.948047999991104,-0.22499275517883,-1.683374,2
16.014623600058258,-0.24380704017128624,-1.6996056,2
16.064837699988857,-0.34931622839486876,-1.7171462,2
16.11511660006363,-0.31762429122853575,-1.7331159999999999,2
16.181341900024563,-0.20951811480182214,-1.7469914,2
16.248041299986653,-0.1491527660766722,-1.7569398,2
16.314596500014886,-0.22421388552163793,-1.7718624,2
16.364667300018482,-0.36077314520045184,-1.7899266,2
16.43133819999639,-0.3219935535160562,-1.8113942,2
16.481341499951668,-0.4083810472161509,-1.8318146,2
16.548045200062916,-0.27081256316925073,-1.8498788,2
16.614738499978557,-0.255153066672729,-1.8668958,2
16.681449500028975,-0.286480490257322,-1.8860071999999999,2
16.74813580000773,-0.31799335105944754,-1.9072129999999998,2
16.814780100015923,-0.25534066676232,-1.9242299999999999,2
16.864793100045063,-0.3140783394487034,-1.939938,2
16.93132410000544,-0.24790548781504196,-1.9564314,2
16.9814884000225,-0.3444441563846038,-1.9737102,2
17.04791490000207,-0.30347225890570456,-1.9938688,2
17.14802870003041,-0.2531004625407114,-2.010624,2
17.214640100020915,-0.21616420015270899,-2.025023,2
17.264833300025202,-0.5998222866330205,-2.05513,2
17.331386200035922,-0.2714261887474526,-2.0731942,2
17.38143960002344,-0.3975114578622317,-2.0930910000000003,2
17.448083400027826,-0.28676936187225815,-2.1122024,2
17.514790900051594,-0.27079713665725547,-2.1302666,2
17.581487699993886,-0.28261625769615845,-2.1491162,2
17.631600599968806,-0.39703948504193154,-2.169013,2
17.681709100026637,-0.41274833563427726,-2.1896952,2
17.74809680006001,-0.29181911694878404,-2.2090684,2
17.798446399974637,-0.3327772222303804,-2.2258236,2
17.848473999998532,-0.28258801128272026,-2.2399608,2
17.91474839998409,-0.25676581008214155,-2.2569778,2
17.96478230005596,-0.3767365720626444,-2.2758274,2
18.01518860005308,-0.3843408463050547,-2.2952006,2
18.081414000014775,-0.2569557905251259,-2.3122176,2
18.14834970002994,-0.203383246861028,-2.3258311999999997,2
18.21472960000392,-0.24846979291118115,-2.3423245999999995,2
18.264972500037402,-0.3960121726003267,-2.3622213999999997,2
18.331567500019446,-0.3184293115957307,-2.3834272,2
18.398068999988027,-0.28344623818869685,-2.4022767999999997,2
18.44823910004925,-0.2974401083870642,-2.4171993999999994,2
18.514758600038476,-0.20072008963029586,-2.4305511999999996,2
18.56500689999666,-0.30739746444862853,-2.4459973999999995,2
18.632028999971226,-0.26171367364879095,-2.4635379999999993,2
18.6980787999928,-0.2655662847468228,-2.481078599999999,2
18.748539100051858,-0.30610598791370763,-2.496524799999999,2
18.81482790003065,-0.18167171534034063,-2.5085675999999992,2
18.86485570005607,-0.2773537911511222,-2.522442999999999,2
18.931471699965186,-0.23579920771931587,-2.538150999999999,2
18.998095700051636,-0.2554184674879819,-2.555167999999999,2
19.064794300007634,-0.1884057537682974,-2.567734399999999,2
19.11517859995365,-0.15068582888190146,-2.575326599999999,2
19.181739500025287,-0.11799720243487048,-2.583180599999999,2
19.248283599969,-0.16917202290694885,-2.594437999999999,2
19.298318200046197,-0.2773160968328325,-2.608313399999999,2
19.364852000027895,-0.23609052848808929,-2.624021399999999,2
19.431492800009437,-0.19249768915668983,-2.636849599999999,2
19.481493800063618,-0.1727845441218861,-2.6454889999999986,2
19.531662699999288,-0.15133279800304986,-2.6530811999999986,2
19.581732799997553,-0.21437544563265967,-2.6638149999999987,2
19.631931000039913,-0.2920582807277661,-2.678475799999999,2
19.69810330006294,-0.288812690405949,-2.6975871999999987,2
19.748205499956384,-0.386673639904078,-2.7169603999999987,2
19.798211300047114,-0.3403005245216449,-2.733977399999999,2
19.848334899987094,-0.26637751510242846,-2.747329199999999,2
19.914824099978432,-0.20868652355281236,-2.761204599999999,2
19.96484330005478,-0.35591132950599963,-2.7790069999999987,2
20.031491999980062,-0.29853245483116725,-2.798903799999999,2
20.081551200011745,-0.360856745384805,-2.816967999999999,2
20.148475100053474,-0.2151548249731674,-2.831366999999999,2
20.214899000013247,-0.18524356455209384,-2.843671599999999,2
20.28168919996824,-0.23126446709859053,-2.859117799999999,2
20.348151299986057,-0.2599797477866069,-2.876396599999999,2
20.39816520002205,-0.30360359798121356,-2.891580999999999,2
20.44889030000195,-0.29934687178570224,-2.906765399999999,2
20.51464870001655,-0.07962480837181785,-2.912001399999999,2
20.564688300015405,-0.16218754746612382,-2.920117199999999,2
20.61477450001985,-0.22476051285586193,-2.931374599999999,2
20.681403500027955,-0.2200363204943243,-2.946035399999999,2
20.748040799982846,-0.2632249507689201,-2.963575999999999,2
20.814647400053218,-0.1925965292695702,-2.976404199999999,2
20.864679099991918,-0.0732575548000711,-2.9800693999999988,2
20.91492350003682,0.026052654600913803,-2.9787603999999988,1
20.9814276000252,-0.027556195788233238,-2.980592999999999,2
21.048030599951744,-0.10613035460558584,-2.987661599999999,2
21.11465889995452,-0.23575567738251646,-3.003369599999999,2
21.16469650005456,-0.37670871429312947,-3.022219199999999,2
21.23133370000869,-0.2632253457839497,-3.039759799999999,2
21.281340699992143,-0.28270442147455593,-3.0538969999999988,2
21.347976300050505,-0.1492955716056707,-3.0638453999999986,2
21.39797789999284,-0.2146691308353955,-3.0745791999999987,2
21.447980700060725,-0.30890670080534166,-3.0900253999999987,2
21.498008199967444,-0.4081834998366074,-3.1104457999999986,2
21.54802300001029,-0.47633500443051413,-3.1342695999999988,2
21.61471100000199,-0.2787278071364177,-3.152857399999999,2
21.665141699952073,-0.33224206716512295,-3.169612599999999,2
21.731655500014313,-0.2597776699546809,-3.186891399999999,2
21.79799820005428,-0.28807088026996813,-3.206002799999999,2
21.864682200015523,-0.28659648508049734,-3.225114199999999,2
21.914701299974695,-0.30357203573023395,-3.2402985999999987,2
21.981295000063255,-0.1769086262564307,-3.2520795999999987,2
22.031305799959227,-0.2355691175607225,-3.263860599999999,2
22.08156359998975,-0.2865027914324811,-3.278259599999999,2
22.14791860000696,-0.26759849985607387,-3.2958001999999986,2
22.198201299994253,-0.3748724711434304,-3.3146497999999984,2
22.24848079995718,-0.35406875591695974,-3.3324521999999983,2
22.314829800045118,-0.1420488626431195,-3.3418769999999984,2
22.36497730005067,-0.1618385761822959,-3.3499927999999985,2
22.43142939999234,-0.1457681549341936,-3.3596793999999988,2
22.498027299996465,-0.16510430508047189,-3.370674999999999,2
22.548273300053552,-0.2761493449077666,-3.384550399999999,2
22.59860230004415,-0.32250988501723543,-3.4007819999999986,2
22.664768500020728,-0.20970525744128637,-3.4146573999999985,2
22.731376499985345,-0.1690097286509134,-3.4259147999999984,2
22.781380899949,-0.20942157105397757,-3.4363867999999984,2
22.831825600005686,-0.24911239408458305,-3.4489531999999983,2
22.898033200064674,-0.22539104251935868,-3.463875799999998,2
22.96474640001543,-0.18444026083418014,-3.4761803999999983,2
23.031388800009154,-0.2278489370345264,-3.491364799999998,2
23.098039599950425,-0.16104532893015452,-3.5020985999999983,2
23.148239100002684,-0.22425322938039008,-3.513355999999998,2
23.198332000058144,-0.2613144774111168,-3.526445999999998,2
23.264767199987546,-0.23250024108325434,-3.541892199999998,2
23.314786599949002,-0.3402079995584264,-3.558909199999998,2
23.38141629996244,-0.23182154499997984,-3.574355399999998,2
23.44808370003011,-0.12958957438313776,-3.582994799999998,2
23.514705499983393,-0.13360791822259246,-3.591895999999998,2
23.564714099979028,-0.22510928122327964,-3.603153399999998,2
23.61527589999605,-0.2847802094694529,-3.617552399999998,2
23.681363399955444,-0.26541479115986144,-3.6350929999999977,2
23.731606799992733,-0.32305934685856347,-3.6513245999999975,2
23.798168099951,-0.13766257578720917,-3.6604875999999975,2
23.864824500051327,-0.13746616958324015,-3.6696505999999975,2
23.931634700042196,-0.1802539133492487,-3.6816933999999977,2
23.99818800005596,-0.24388873273966433,-3.6979249999999975,2
24.06476780003868,-0.23199528992290575,-3.7133711999999974,2
24.114936999976635,-0.25569871586281906,-3.7261993999999974,2
24.164998600026593,-0.1882640584918335,-3.7356241999999975,2
24.231409600004554,-0.1261477767655983,-3.7440017999999977,2
24.28160830005072,-0.21904152876244923,-3.754997399999998,2
24.33163140004035,-0.2773798505665653,-3.768872799999998,2
24.398053199984133,-0.27590339339660513,-3.787198799999998,2
24.44809780002106,-0.3191113524379516,-3.803168599999998,2
24.51488919998519,-0.17638498379022868,-3.814949599999998,2
24.58201040001586,-0.1482154668786359,-3.824897999999998,2
24.64840910001658,-0.1971424139306704,-3.837987999999998,2
24.71479520003777,-0.22872860425831648,-3.853172399999998,2
24.76480000000447,-0.31412984374420866,-3.868880399999998,2
24.831482199952006,-0.20808251693730626,-3.8827557999999978,2
24.898050599964336,-0.12191670520091907,-3.890871599999998,2
24.94814039999619,-0.18293145499028923,-3.900034599999998,2
24.99846889998298,-0.22888025677346793,-3.911553799999998,2
25.064833899959922,-0.2130219242810546,-3.925690999999998,2
25.131389799993485,-0.23994566960925498,-3.941660799999998,2
25.181656899978407,-0.3176988528240224,-3.957630599999998,2
25.248000100022182,-0.09865366753007726,-3.964175599999998,2
25.29841170005966,-0.10386498337897146,-3.969411599999998,2
25.364722099970095,-0.0750138742447431,-3.974385799999998,2
25.431431800010614,-0.09026273534947125,-3.980407199999998,2
25.497966599999927,-0.15739132005630224,-3.990879199999998,2
25.564617600059137,-0.14140523010348574,-4.000303999999998,2
25.614677399978973,-0.1412031212933207,-4.007372599999998,2
25.68126260000281,-0.058977069958401275,-4.011299599999998,2
25.731263100053184,-0.0157078429057458,-4.012084999999998,2
25.781328200013377,0.020916766386817023,-4.011037799999998,1
25.831392399966717,0.031375713613000726,-4.009466999999998,1
25.897968500037678,0.011797026247600465,-4.008681599999998,1
25.947973100002855,-0.010471036671918742,-4.0092051999999985,2
26.015192199964076,-0.00389472635234677,-4.009466999999998,2
26.081701899995096,0.0039362679410356385,-4.0092051999999985,1
26.1480401000008,-0.007892888259780783,-4.009728799999999,2
26.214672000030987,0.0,-4.009728799999999,0
26.281351099954918,0.003926267755543597,-4.009466999999999,1
26.348251900053583,-0.0039132566368996835,-4.009728799999999,2
26.414781300001778,0.0,-4.009728799999999,0
26.481342199957,0.0039332400880416046,-4.009466999999999,1
26.548112699994817,0.0,-4.009466999999999,0
26.598313400056213,-0.005215066715799122,-4.009728799999999,2
26.664616300025955,0.003948545238888137,-4.009466999999999,1
26.731464999960735,0.0,-4.009466999999999,0
26.79799130000174,0.0,-4.009466999999999,0
26.864619300002232,0.00392927898178045,-4.009205199999999,1
26.931269900058396,0.0,-4.009205199999999,0
26.981361599988304,-0.005226414762651903,-4.009466999999999,2
27.047946200007573,-0.0039318400940193165,-4.009728799999999,2
27.14843399997335,0.003949569819387729,-4.009466999999999,1
27.21456120000221,-0.003959036521820762,-4.009728799999999,2
27.264762000064366,-0.00521505632730647,-4.009990599999998,2
27.31508189998567,0.0052027130500939996,-4.009728799999999,1
27.36517390003428,0.0,-4.009728799999999,0
27.431623499956913,0.0,-4.009728799999999,0
27.498298899969086,0.003926485629665572,-4.009466999999999,1
27.565112499985844,0.0,-4.009466999999999,0
27.615220400039107,0.0,-4.009466999999999,0
27.681378799956292,0.0,-4.009466999999999,0
27.748373599955812,0.0,-4.009466999999999,0
27.815051299985498,0.0,-4.009466999999999,0
27.881570999976248,0.0,-4.009466999999999,0
27.93160110001918,0.0,-4.009466999999999,0
27.998331899987534,0.0,-4.009466999999999,0
28.065175299998373,0.0,-4.009466999999999,0
28.13170110003557,0.0,-4.009466999999999,0
28.198327200021595,0.003929391035268707,-4.009205199999999,1
28.248331299982965,0.0,-4.009205199999999,0
28.315134300035425,0.0,-4.009205199999999,0
28.381809500046074,0.0,-4.009205199999999,0
28.448052200023085,0.0,-4.009205199999999,0
28.498075600015,0.0,-4.009205199999999,0
28.56499069998972,-0.003912420366985919,-4.009466999999999,2
28.61509410000872,0.005225194296210127,-4.009205199999999,1
28.665142499958165,0.0,-4.009205199999999,0
28.73161789996084,0.0,-4.009205199999999,0
28.782982200034894,0.0,-4.009205199999999,0
28.84829560003709,0.0,-4.009205199999999,0
28.914956900058314,0.0,-4.009205199999999,0
28.96496010001283,0.0,-4.009205199999999,0
29.031762200058438,0.0,-4.009205199999999,0
29.09804670000449,0.0,-4.009205199999999,0
29.148170500062406,0.0,-4.009205199999999,0
29.19831350003369,0.0,-4.009205199999999,0
29.265051800059155,-0.003922784966055679,-4.009466999999999,2
29.31508189998567,0.005232849832091653,-4.009205199999999,1
29.3818339999998,0.0,-4.009205199999999,0
29.448347500059754,0.0,-4.009205199999999,0
29.51494989998173,0.0,-4.009205199999999,0
29.581872200011276,0.0,-4.009205199999999,0
29.631925599998794,0.0,-4.009205199999999,0
29.6982166999951,0.0,-4.009205199999999,0
29.748478100053035,-0.005208768551974956,-4.009466999999999,2
29.81516889994964,0.003925578946509624,-4.009205199999999,1
29.881347400019877,0.0,-4.009205199999999,0
29.931428499985486,0.0,-4.009205199999999,0
29.981510799960233,0.0,-4.009205199999999,0
30.048426200053655,0.0,-4.009205199999999,0
30.114910800009966,0.0,-4.009205199999999,0
30.1813955999678,0.0,-4.009205199999999,0
30.231589499977417,0.0,-4.009205199999999,0
30.29805139999371,0.0,-4.009205199999999,0
30.36465370003134,0.003930795180528069,-4.0089434,1
30.414733799989335,0.0,-4.0089434,0
30.481279600062408,-0.007868265156103732,-4.009467,2
30.53134390001651,0.005229275156948488,-4.0092052,1
30.58166819997132,0.0,-4.0092052,0
30.631745100021362,-0.005227959393220661,-4.009467,2
30.697903000051156,0.0,-4.009467,0
30.747915099957027,-0.0052347332044193505,-4.0097287999999995,2
30.814621499972418,0.0,-4.0097287999999995,0
30.881256700027734,0.003928854416024431,-4.009467,1
30.93126400001347,0.0,-4.009467,0
30.981272600009106,-0.005235099563332084,-4.0097287999999995,2
31.04789529996924,0.0,-4.0097287999999995,0
31.097930600051768,0.005232305983339622,-4.009467,1
31.148052499978803,0.0,-4.009467,0
31.21458180004265,0.0,-4.009467,0
31.281258100061677,0.0,-4.009467,0
31.3312631000299,0.0,-4.009467,0
31.397928399965167,-0.003927080508963647,-4.0097287999999995,2
31.46457760001067,0.003928029140953834,-4.009467,1
31.5312513000099,0.0,-4.009467,0
31.581378699978814,0.0,-4.009467,0
31.64823539997451,0.0,-4.009467,0
31.71459990006406,0.0,-4.009467,0
31.764724500011653,-0.005222984328527613,-4.0097287999999995,2
31.83145020005759,0.003923525715275669,-4.009467,1
31.897907700040378,0.0,-4.009467,0
31.964610300026834,-0.003924884488058297,-4.0097287999999995,2
32.03121950000059,0.0,-4.0097287999999995,0
32.081271299975924,0.0,-4.0097287999999995,0
32.148143899976276,0.0,-4.0097287999999995,0
32.21456009999383,0.0,-4.0097287999999995,0
32.26485529995989,0.0,-4.0097287999999995,0
32.33138620003592,0.0,-4.0097287999999995,0
32.38267469999846,0.0,-4.0097287999999995,0
32.448595999972895,-0.003971402264541697,-4.009990599999999,2
32.515324000036344,0.0,-4.009990599999999,0
32.58162119996268,-0.003948884723500819,-4.010252399999999,2
32.63184190005995,0.0,-4.010252399999999,0
32.69840530003421,0.003933092361586857,-4.009990599999999,1
32.765126100042835,0.0,-4.009990599999999,0
32.83159409998916,0.0,-4.009990599999999,0
32.88179250003304,0.010430611325107563,-4.009466999999999,1
32.94830319995526,0.003936208764998152,-4.009205199999999,1
33.01504249998834,0.0,-4.009205199999999,0
33.08168409997597,0.0,-4.009205199999999,0
33.14850180002395,0.0,-4.009205199999999,0
33.21496090001892,0.0,-4.009205199999999,0
33.28175750002265,0.003919361164870568,-4.0089434,1
33.347996299969964,0.0,-4.0089434,0
33.39802209998015,0.005233299616331488,-4.0086816,1
33.44838780001737,0.025989909780519106,-4.0073726,1
33.5149328999687,-0.02753921778373495,-4.0092052,2
33.564995200023986,-0.05752432462790579,-4.012085,2
33.61520660005044,-0.05213955393836103,-4.014703,2
33.681721100001596,-0.043295822747142776,-4.0175828,2
33.748390699969605,-0.05497558110081267,-4.021248,2
33.79839799995534,-0.12564565577010023,-4.0275312,2
33.848418900044635,-0.1831834289995356,-4.0366942,2
33.915097999968566,-0.2120184587993542,-4.050831400000001,2
33.981739999959245,-0.22785030464457426,-4.066015800000001,2
34.04825840005651,-0.22433792722283732,-4.080938400000001,2
34.0984080999624,-0.22969628974086287,-4.092457600000001,2
34.16510119999293,-0.1923467344317012,-4.105285800000002,2
34.23153230000753,-0.2522192165464415,-4.122041000000002,2
34.29832659999374,-0.2822037210344388,-4.140890600000002,2
34.34848459996283,-0.34970692632900635,-4.1584312000000025,2
34.41499860002659,-0.16137655215007812,-4.169165000000002,2
34.46513959998265,-0.2088510402500479,-4.179637000000002,2
34.531763699953444,-0.19647544966067867,-4.192727000000002,2
34.598537800018676,-0.24308227267972793,-4.2089586000000025,2
34.6649312999798,-0.22081679695429104,-4.223619400000002,2
34.71515119995456,-0.20852291631927605,-4.234091400000002,2
34.781787500018254,-0.15715158239564167,-4.244563400000002,2
34.847960100043565,-0.14242753037352318,-4.253988200000002,2
34.89845670002978,-0.10369014946410385,-4.259224200000002,2
34.96497500000987,-0.13381580711870864,-4.268125400000002,2
35.015099599957466,-0.2036963888125769,-4.278335600000003,2
35.0813494999893,-0.13830964266507473,-4.287498600000003,2
35.131575700012036,-0.1459477323922957,-4.294829000000003,2
35.19843210000545,-0.08614882046546825,-4.300588600000003,2
35.26463940006215,-0.06722219447384614,-4.305039200000003,2
35.31471359997522,-0.08888010208303641,-4.309489800000003,2
35.381292299949564,-0.10223690163104827,-4.316296600000003,2
35.44788630004041,-0.15332011872048001,-4.326506800000003,2
35.49792220001109,-0.2668444058730582,-4.339858600000003,2
35.56458330003079,-0.2552763154969067,-4.356875600000003,2
35.63126629998442,-0.22378417303326803,-4.371798200000003,2
35.6979113999987,-0.1885569981485001,-4.384364600000003,2
35.748063100036234,-0.18270567085747386,-4.393527600000003,2
35.81457339995541,-0.16925799483208762,-4.404785000000003,2
35.88123349996749,-0.21207888973218977,-4.4189222000000035,2
35.93126189999748,-0.34014679641563567,-4.4359392000000035,2
35.99790760001633,-0.26712000916734313,-4.453741600000003,2
36.06456850003451,-0.20422166511834783,-4.467355200000004,2
36.11474029999226,-0.20350475782406896,-4.477565400000004,2
36.181226899963804,-0.1378172444360554,-4.486728400000004,2
36.231257000006735,-0.2250125422563581,-4.497985800000004,2
36.28127509995829,-0.2669393682073315,-4.511337600000004,2
36.347898000036366,-0.22791562634178203,-4.5265220000000035,2
36.397932399995625,-0.30347920655317395,-4.541706400000003,2
36.464594900025986,-0.1767260452973471,-4.553487400000003,2
36.531223300029524,-0.12573617255637543,-4.561865000000004,2
36.581307900021784,-0.12545173568264406,-4.568148200000004,2
36.63173160003498,-0.1817201037924957,-4.577311200000004,2
36.69792129995767,-0.20567550564364429,-4.590924800000004,2
36.74803460005205,-0.36046718068813577,-4.608989000000005,2
36.81455620005727,-0.24006939097597746,-4.624958800000004,2
36.88121999998111,-0.18064976814639203,-4.637001600000004,2
36.931286399951205,-0.1725588419610939,-4.645641000000004,2
36.99795950006228,-0.1531382219064392,-4.655851200000004,2
37.06462009996176,-0.2670603028902435,-4.673653600000004,2
37.14804280002136,-0.2960118678030359,-4.693288600000004,2
37.19821619999129,-0.38612491901303647,-4.712661800000005,2
37.26522399997339,-0.1992573999380378,-4.726013600000004,2
37.33171639998909,-0.1929273119479851,-4.738841800000005,2
37.39838020002935,-0.24348446968515633,-4.755073400000005,2
37.464703000034206,-0.3394730017181411,-4.777588200000005,2
37.51494909997564,-0.40640766196385975,-4.798008600000005,2
37.58176029997412,-0.250784299644078,-4.814763800000005,2
37.64840429998003,-0.212130124223436,-4.828901000000005,2
37.71497369999997,-0.26742617470889823,-4.846703400000005,2
37.76512280001771,-0.3863120174270165,-4.866076600000006,2
37.831435700063594,-0.2763564855000902,-4.884402600000006,2
37.89844460005406,-0.2266027348928232,-4.899587000000006,2
37.965018299990334,-0.1808942572146097,-4.911629800000005,2
38.0315658999607,-0.44847898366419725,-4.941475000000005,2
38.08170770003926,-0.396810644389017,-4.961371800000005,2
38.14846449997276,-0.30197073586632184,-4.981530400000005,2
38.21491199999582,-0.21669739260322893,-4.995929400000005,2
38.26509320002515,-0.2712888490519062,-5.009543000000005,2
38.33173830003943,-0.2514093308646668,-5.026298200000006,2
38.398366300039925,-0.28290808668819234,-5.045147800000006,2
38.464840800035745,-0.23630113804523065,-5.060855800000006,2
38.51498430001084,-0.2349457059409866,-5.072636800000006,2
38.56506209995132,-0.16729169432277186,-5.081014400000006,2
38.61510429996997,-0.18833704346505903,-5.090439200000006,2
38.68163380003534,-0.17707934056958308,-5.102220200000006,2
38.748244300018996,-0.2122368095640979,-5.116357400000006,2
38.81568310002331,-0.1824557969479506,-5.1286620000000065,2
38.88177310000174,-0.14656680289244003,-5.138348600000007,2
38.931773200049065,-0.1361357275996853,-5.145155400000006,2
38.99837399995886,-0.09827209296081797,-5.151700400000006,2
39.06512789998669,-0.1686403340524836,-5.162957800000006,2
39.13172820000909,-0.2240620536991696,-5.1778804000000065,2
39.19837999995798,-0.2396004310798347,-5.193850200000006,2
39.24843160004821,-0.3138361205572487,-5.209558200000006,2
39.31495150004048,-0.17316923208450716,-5.221077400000007,2
39.36507509998046,-0.23503898391390743,-5.232858400000007,2
39.431824299972504,-0.21571794121451449,-5.247257400000007,2
39.500136099988595,-0.23377805878689253,-5.263227200000006,2
39.56507969996892,-0.20962188736264104,-5.276840800000007,2
39.61511749995407,-0.19881769388248163,-5.2867892000000065,2
39.68135530001018,-0.130430056443314,-5.295428600000006,2
39.73174079996534,-0.2234253904400973,-5.306686000000006,2
39.79843119997531,-0.2237593416408964,-5.3216086000000065,2
39.86511300003622,-0.2748276138805713,-5.3399346000000065,2
39.93185839999933,-0.23141969347006555,-5.355380800000007,2
39.998367200023495,-0.1692618119092436,-5.366638200000007,2
40.04841759998817,-0.1621525503438132,-5.3747540000000065,2
40.114760100026615,-0.17363228689489704,-5.386273200000007,2
40.16496409999672,-0.2815950921922031,-5.400410400000007,2
40.23160639998969,-0.24749145815407675,-5.416903800000007,2
40.29810620006174,-0.24408494435191222,-5.433135400000007,2
40.3481472999556,-0.2511215785954728,-5.445701800000007,2
40.398255400010385,-0.1776399422502128,-5.454603000000008,2
40.464545399998315,-0.14217529041659446,-5.464027800000007,2
40.514579299953766,-0.24069281048893862,-5.476070600000007,2
40.58146260003559,-0.20354258811010778,-5.489684200000007,2
40.64790039998479,-0.20096691958808582,-5.503036000000007,2
40.69800930004567,-0.24033255540171955,-5.515078800000007,2
40.76458519999869,-0.06291766244175007,-5.519267600000006,2
40.81481650006026,-0.02605944895703587,-5.520576600000006,2
40.88124929997139,-0.003940824417309445,-5.520838400000006,2
40.931257499963976,-0.020940565750320488,-5.521885600000006,2
40.99807680002414,-0.027426207672783563,-5.5237182000000065,2
41.064553200034425,-0.10239423312553918,-5.530525000000006,2
41.11472099996172,-0.19830249710806,-5.540473400000006,2
41.18122799997218,-0.14958425426549474,-5.550421800000006,2
41.231244900031015,-0.5443600056775245,-5.577649000000005,2
41.28125820006244,-0.21461891123472973,-5.588382800000005,2
41.34794400003739,-0.08244333879274685,-5.593880600000005,2
41.41453900001943,-0.05110593889808023,-5.597284000000005,2
41.46456280001439,-0.1465382478088128,-5.604614400000004,2
41.514574000029825,-0.24080206026417422,-5.616657200000004,2
41.56482710002456,-0.3021584738372595,-5.631841600000004,2
41.631184500060044,-0.22488222853848874,-5.646764200000004,2
41.681211899966,-0.25642348041502777,-5.659592400000005,2
41.73123100004159,-0.17795602053113163,-5.668493600000005,2
41.78129329998046,-0.11504864952334674,-5.674253200000005,2
41.84790389996488,-0.07860610775499825,-5.679489200000005,2
41.91482960002031,-0.19559003475731157,-5.692579200000005,2
41.98136540001724,-0.2478876033768537,-5.709072600000005,2
42.031635600025766,-0.32809497470076737,-5.725566000000005,2
42.14811159996316,-0.13795522755222128,-5.734729000000005,2
42.21454069996253,-0.09064400993024548,-5.740750400000005,2
42.26509260002058,-0.1812592600768176,-5.749913400000005,2
42.331752000027336,-0.19244397637392194,-5.762741600000005,2
42.3980198999634,-0.2370378420797248,-5.778449600000005,2
42.46490649995394,-0.21527480843751454,-5.7928486000000055,2
42.514919899986126,-0.2093838849840438,-5.8033206000000055,2
42.564976800000295,-0.12552115688789012,-5.809603800000006,2
42.61511120002251,-0.10966123056352028,-5.8151016000000055,2
42.68174200004432,-0.12573164358311023,-5.823479200000006,2
42.748292900039814,-0.18882389270244918,-5.836045600000006,2
42.79841100005433,-0.30819604086201324,-5.851491800000006,2
42.86490060004871,-0.24805984697446162,-5.867985200000006,2
42.91504900006112,-0.2610252769133674,-5.881075200000006,2
42.96506620000582,-0.18319698044132654,-5.890238200000006,2
43.033470400027,-0.09950850968058475,-5.897045000000006,2
43.098297300050035,-0.13326875104208377,-5.9056844000000055,2
43.148406099993736,-0.2194345107516857,-5.916680000000006,2
43.21490669995546,-0.216524362310819,-5.931079000000006,2
43.281772800022736,-0.2192560951700493,-5.9457398000000055,2
43.348407099954784,-0.17680083698656726,-5.9575208000000055,2
43.41487199999392,-0.08271734399303604,-5.963018600000005,2
43.46489639999345,-0.1256027058807131,-5.9693018000000055,2
43.514979199972004,-0.16727499268386228,-5.977679400000006,2
43.56511500000488,-0.21931633668535583,-5.988675000000006,2
43.615125600015745,-0.26697940030912287,-6.002026800000006,2
43.68169800005853,-0.2044931531873616,-6.015640400000006,2
43.748291500029154,-0.18477178711778416,-6.027945000000006,2
43.79842839995399,-0.1827596044776751,-6.037108000000006,2
43.86509620002471,-0.07068479828344894,-6.041820400000006,2
43.93173079995904,-0.08250668579713907,-6.047318200000006,2
43.99836089997552,-0.11394549907807328,-6.054910400000006,2
44.06506259995513,-0.20017180977520582,-6.068262200000006,2
44.13140429998748,-0.19336556032998803,-6.081090400000006,2
44.18165519996546,-0.21360413454690616,-6.091824200000006,2
44.232846900005825,-0.1380809778621665,-6.098892800000006,2
44.298375500016846,-0.043947223037203026,-6.101772600000006,2
44.364892499987036,-0.031486687627803586,-6.1038670000000055,2
44.4149594999617,-0.2405336849840211,-6.115909800000005,2
44.46500510000624,-0.1987867063467284,-6.125858200000005,2
44.515035500051454,-0.21977837454952356,-6.136853800000005,2
44.565152600058354,-0.2089506375779542,-6.147325800000005,2
44.63178279995918,-0.13359107451648733,-6.156227000000006,2
44.69828560005408,-0.08267020324189367,-6.161724800000005,2
44.764977999962866,-0.023552908609501173,-6.163295600000005,2
44.81512190005742,-0.03132584416126431,-6.164866400000005,2
44.881745300022885,-0.02750685196117201,-6.166699000000005,2
44.94821689999662,-0.003938524123135787,-6.1669608000000045,2
44.998309800052084,0.0,-6.1669608000000045,0
45.064939499949105,-0.007858357471356547,-6.167484400000005,2
45.13138539995998,-0.0039400474665426555,-6.167746200000004,2
45.198030399973504,0.0039282766891271465,-6.167484400000005,1
45.24803679995239,0.0,-6.167484400000005,0
45.2980830000015,0.0,-6.167484400000005,0
45.36458299995866,0.0,-6.167484400000005,0
45.414635300054215,0.010461057713638745,-6.1669608000000045,1
45.48118829994928,0.003933706976586774,-6.166699000000005,1
45.53127709997352,-0.005226717347456878,-6.1669608000000045,2
45.581370900035836,0.0,-6.1669608000000045,0
45.64783829997759,0.0,-6.1669608000000045,0
45.714515700004995,-0.003926367853161802,-6.167222600000004,2
45.78118769999128,0.0,-6.167222600000004,0
45.83133199997246,0.0,-6.167222600000004,0
45.89784019999206,0.0,-6.167222600000004,0
45.964538200059906,0.0,-6.167222600000004,0
46.01454350003041,0.005235445045913248,-6.1669608000000045,1
46.081211599987,0.0,-6.1669608000000045,0
46.131256800028495,-0.005231270926740767,-6.167222600000004,2
46.19786549999844,0.0,-6.167222600000004,0
46.247877400019206,0.0,-6.167222600000004,0
46.29789060004987,0.0,-6.167222600000004,0
46.36450460006017,0.003930104782170469,-6.1669608000000045,1
46.414557600044645,0.0,-6.1669608000000045,0
46.48114389996044,0.0,-6.1669608000000045,0
46.53116859996226,-0.005233414692951869,-6.167222600000004,2
46.58147780003492,0.0052038195722031964,-6.1669608000000045,1
46.647879900061525,0.0,-6.1669608000000045,0
46.714585199952126,0.0,-6.1669608000000045,0
46.78118759999052,0.003930789278600947,-6.166699000000005,1
46.831194999977015,0.0,-6.166699000000005,0
46.88120219996199,-0.005235246126131013,-6.1669608000000045,2
46.93122210004367,0.0052339168925267295,-6.166699000000005,1
46.98123290005606,0.0,-6.166699000000005,0
47.04785830003675,0.0,-6.166699000000005,0
47.14791930001229,0.003952402084690912,-6.166437200000005,1
47.19822739996016,0.0,-6.166437200000005,0
47.24836259998847,-0.005221880033433205,-6.166699000000005,2
47.315045800060034,0.003926026341252831,-6.166437200000005,1
47.381502800039016,0.0,-6.166437200000005,0
47.43175200000405,-0.00521003319818338,-6.166699000000005,2
47.498270499985665,0.0,-6.166699000000005,0
47.56515549996402,-0.003914181058304826,-6.1669608000000045,2
47.63176849996671,-0.00786032756337139,-6.167484400000005,2
47.698207700042985,-0.003940444793125809,-6.167746200000004,2
47.76501329999883,-0.007837666308604316,-6.1682698000000045,2
47.81505810003728,0.00523131273976235,-6.168008000000005,1
47.88152399996761,0.0,-6.168008000000005,0
47.931683300063014,0.0,-6.168008000000005,0
47.998198200017214,0.0,-6.168008000000005,0
48.06486559996847,0.003926956806346317,-6.167746200000005,1
48.115047200000845,0.0,-6.167746200000005,0
48.16504850005731,-0.00523586386162674,-6.168008000000005,2
48.23170140001457,0.003927811095509226,-6.167746200000005,1
48.29817800002638,-0.003938227887008165,-6.168008000000005,2
48.34836730000097,0.0,-6.168008000000005,0
48.41499239997938,0.003929450013355897,-6.167746200000005,1
48.481521200039424,0.0,-6.167746200000005,0
48.531680900021456,0.0,-6.167746200000005,0
48.58196860004682,0.0,-6.167746200000005,0
48.64824889996089,0.003949891601869881,-6.1674844000000055,1
48.698301000054926,-0.0052305497573157545,-6.167746200000005,2
48.748341600061394,-0.005231751816847878,-6.168008000000005,2
48.79836220003199,0.0,-6.168008000000005,0
48.86497730005067,0.003930039884749652,-6.167746200000005,1
48.91504520003218,0.005228899156878228,-6.1674844000000055,1
48.965066400007345,0.005233780879506944,-6.167222600000006,1
49.03160190000199,-0.003934741604422877,-6.1674844000000055,2
49.09817610005848,0.0,-6.1674844000000055,0
49.14842139999382,0.005210437599873069,-6.167222600000006,1
49.21498639998026,0.0,-6.167222600000006,0
49.28153909998946,0.00393372470183511,-6.166960800000006,1
49.33165750000626,-0.0052236304413597655,-6.167222600000006,2
49.39840830001049,0.0,-6.167222600000006,0
49.46488220000174,-0.003938387848982155,-6.1674844000000055,2
49.51499159995001,0.005224568649200978,-6.167222600000006,1
49.58170430001337,-0.003924290273836111,-6.1674844000000055,2
49.631785699981265,0.005227489650206145,-6.167222600000006,1
49.69819430005737,0.0,-6.167222600000006,0
49.74835949996486,-0.005218757235748148,-6.1674844000000055,2
49.798389000003226,0.005232912577564229,-6.167222600000006,1
49.86485520005226,0.0,-6.167222600000006,0
49.91504220000934,0.0,-6.167222600000006,0
49.965048699988984,0.005235319410607919,-6.166960800000006,1
50.031803900026716,-0.003921791858192622,-6.167222600000006,2
50.09847610001452,0.0,-6.167222600000006,0
50.16511850000825,0.0,-6.167222600000006,0
50.231515799998306,-0.0039429314149702,-6.1674844000000055,2
50.29793000000063,0.0039419280815070415,-6.167222600000006,1
50.34823080000933,0.0,-6.167222600000006,0
50.4145841000136,0.0,-6.167222600000006,0
50.48122079996392,0.003928765983237034,-6.166960800000006,1
50.54778240004089,-0.003933198716636581,-6.167222600000006,2
50.598077600006945,0.0,-6.167222600000006,0
50.6645290000597,-0.003939721357144557,-6.1674844000000055,2
50.731224599992856,-0.003925296425287229,-6.167746200000005,2
50.79783169995062,-0.003930511914886079,-6.168008000000005,2
50.84784689999651,0.010468817469880645,-6.167484400000005,1
50.91464159998577,0.0,-6.167484400000005,0
50.98116820002906,0.003935267995503224,-6.167222600000005,1
51.03121559997089,-0.005231040979237285,-6.167484400000005,2
51.09784000006039,0.0,-6.167484400000005,0
51.14792490005493,0.005227124343435159,-6.167222600000005,1
51.21452769997995,-0.003930765677940292,-6.167484400000005,2
51.281240400043316,0.0,-6.167484400000005,0
51.347803900018334,0.0,-6.167484400000005,0
51.39784079999663,0.0,-6.167484400000005,0
51.46447620005347,0.0,-6.167484400000005,0
51.51454110001214,0.0,-6.167484400000005,0
51.58148639998399,-0.015642621669338396,-6.168531600000005,2
51.649419000023045,-0.015415279253229212,-6.169578800000005,2
51.714447399950586,-0.012077799867060207,-6.170364200000005,2
51.76446500001475,0.0,-6.170364200000005,0
51.81450219999533,0.005232107314190465,-6.1701024000000055,1
51.86452860001009,0.0,-6.1701024000000055,0
51.91454080003314,0.005234722725242082,-6.169840600000006,1
51.96471400000155,0.0,-6.169840600000006,0
52.031229899963364,0.0,-6.169840600000006,0
52.148133800015785,0.003935794534332167,-6.169578800000006,1
52.2145267999731,0.0,-6.169578800000006,0
52.26496329996735,0.0,-6.169578800000006,0
52.315027600037865,0.0,-6.169578800000006,0
52.38157209998462,0.0,-6.169578800000006,0
52.43162749998737,0.0,-6.169578800000006,0
52.498321400024,0.0,-6.169578800000006,0
52.548326099989936,0.0,-6.169578800000006,0
52.59834899997804,0.0,-6.169578800000006,0
52.664900599978864,0.0,-6.169578800000006,0
52.71511690004263,0.005213446623258913,-6.169317000000007,1
52.78158910002094,-0.003938488572447401,-6.169578800000006,2
52.831710700062104,0.0,-6.169578800000006,0
52.898324799956754,0.0,-6.169578800000006,0
52.94839160004631,0.0,-6.169578800000006,0
53.0149712000275,0.0,-6.169578800000006,0
53.06504020001739,0.0,-6.169578800000006,0
53.13176839996595,-0.003923378724464791,-6.169840600000006,2
53.198412899975665,0.0,-6.169840600000006,0
53.26493529998697,0.0039355164569452586,-6.169578800000006,1
53.31504060002044,-0.005224996154601317,-6.169840600000006,2
53.36519899999257,0.0,-6.169840600000006,0
53.431662900024094,0.0,-6.169840600000006,0
53.498285399982706,0.0,-6.169840600000006,0
53.56480799999554,0.0,-6.169840600000006,0
53.61501970002428,0.0,-6.169840600000006,0
53.681742100045085,0.0,-6.169840600000006,0
53.748270399984904,0.0,-6.169840600000006,0
53.79839849995915,0.005222619651143959,-6.169578800000006,1
53.864969399990514,-0.003932649248795655,-6.169840600000006,2
53.93166750005912,0.0,-6.169840600000006,0
53.998334800009616,0.0,-6.169840600000006,0
54.064861300052144,0.0,-6.169840600000006,0
54.114989200024866,0.0,-6.169840600000006,0
54.18156399996951,-0.007864837752953747,-6.170364200000006,2
54.23162159998901,0.010459950133367053,-6.169840600000006,1
54.28170070005581,0.0,-6.169840600000006,0
54.34832460002508,0.0,-6.169840600000006,0
54.41500629996881,0.0,-6.169840600000006,0
54.48167350003496,0.003926968580354868,-6.169578800000006,1
54.54831960005686,0.003928211852066019,-6.169317000000007,1
54.59840749995783,0.0,-6.169317000000007,0
54.664944599964656,-0.003934646986014438,-6.169578800000006,2
54.71499660005793,0.005230560207626582,-6.169317000000007,1
54.76504440000281,0.0,-6.169317000000007,0
54.831738400040194,0.0,-6.169317000000007,0
54.88174710003659,0.0052350890948747435,-6.169055200000007,1
54.94828080001753,0.0,-6.169055200000007,0
54.998374399961904,-0.005226216528472817,-6.169317000000007,2
55.064910499961115,0.003934706121986435,-6.169055200000007,1
55.13124140002765,0.0,-6.169055200000007,0
55.18132079998031,0.0,-6.169055200000007,0
55.23161490005441,0.0,-6.169055200000007,0
55.297899099998176,0.0,-6.169055200000007,0
55.34793449996505,0.0,-6.169055200000007,0
55.414531599963084,-0.003931102105162634,-6.169317000000007,2
55.48112070001662,-0.003931574383638275,-6.169578800000006,2
55.547855800017715,-0.003922973068081079,-6.169840600000006,2
55.61462260002736,0.007842220982948976,-6.169317000000006,1
55.681158300023526,0.0,-6.169317000000006,0
55.747834800044075,0.0,-6.169317000000006,0
55.81460150005296,0.0,-6.169317000000006,0
55.88116600003559,-0.003933027365462163,-6.169578800000005,2
55.93124750000425,0.0,-6.169578800000005,0
55.99775930005126,0.003936143658944145,-6.169317000000006,1
56.06449729995802,0.0,-6.169317000000006,0
56.13121170003433,0.0,-6.169317000000006,0
56.18123170000035,0.0,-6.169317000000006,0
56.231251399964094,0.0,-6.169317000000006,0
56.28129159996752,0.0,-6.169317000000006,0
56.3312992999563,0.0,-6.169317000000006,0
56.3978282000171,0.0,-6.169317000000006,0
56.46449349995237,0.0,-6.169317000000006,0
56.53115339996293,0.0039273986303386774,-6.169055200000006,1
56.58133309998084,-0.005217249204490584,-6.169317000000006,2
56.64779439999256,0.0,-6.169317000000006,0
56.697861499967985,0.005228982707776521,-6.169055200000006,1
56.764482200029306,-0.003929709531107078,-6.169317000000006,2
56.81477579998318,0.0,-6.169317000000006,0
56.88114840001799,0.0,-6.169317000000006,0
56.93124689999968,0.0,-6.169317000000006,0
56.998062600032426,0.0,-6.169317000000006,0
57.064495900063775,0.0,-6.169317000000006,0
57.14786120003555,0.0,-6.169317000000006,0
57.2146346999798,0.0,-6.169317000000006,0
57.264953800011426,0.0,-6.169317000000006,0
57.33172789996024,0.0,-6.169317000000006,0
57.39821769995615,0.0,-6.169317000000006,0
57.44829660002142,0.0,-6.169317000000006,0
57.51491869997699,0.003929626958240707,-6.169055200000006,1
57.58165149996057,0.0,-6.169055200000006,0
57.63165370002389,0.005235769619506371,-6.168793400000006,1
57.698231199989095,0.0,-6.168793400000006,0
57.748336800024845,-0.005224964870457809,-6.169055200000006,2
57.814940199954435,0.00393073026717496,-6.168793400000006,1
57.864987100008875,-0.0052310932288557295,-6.169055200000006,2
57.91553680005018,0.01035812278949615,-6.168531600000006,1
57.981508500059135,-0.007936736508668083,-6.169055200000006,2
58.03169880004134,0.005216147345061121,-6.168793400000006,1
58.0982556999661,-0.003933476473452711,-6.169055200000006,2
58.148355999961495,0.0104510352243031,-6.168531600000006,1
58.21488440001849,-0.00787032304326314,-6.169055200000006,2
58.26503110001795,0.0,-6.169055200000006,0
58.33150960004423,0.003938115328963702,-6.168793400000006,1
58.38152860000264,-0.005234011080143107,-6.169055200000006,2
58.43172130000312,0.0,-6.169055200000006,0
58.49824720004108,0.0,-6.169055200000006,0
58.564855800010264,-0.00393042340059861,-6.169317000000006,2
58.61499090003781,-0.005221890449129579,-6.169578800000005,2
58.68151150003541,0.003935622950025045,-6.169317000000006,1
58.73166679998394,-0.015659362037631363,-6.1701024000000055,2
58.79830759996548,-0.003928524268503875,-6.170364200000005,2
58.86488839995582,-0.007864128999291353,-6.170887800000005,2
58.91498840006534,-0.005225548890772045,-6.171149600000005,2
58.965002099983394,0.005234565737566937,-6.170887800000005,1
59.0151139999507,-0.005224308002107421,-6.171149600000005,2
59.08152060001157,0.003942379217728609,-6.170887800000005,1
59.13164080004208,-0.005223442840225208,-6.171149600000005,2
59.1982708000578,0.0,-6.171149600000005,0
59.248377899988554,0.0,-6.171149600000005,0
59.314970499952324,-0.003931367751708691,-6.171411400000005,2
59.38163129996974,0.003927345605387267,-6.171149600000005,1
59.44814850005787,-0.007871648224914518,-6.171673200000005,2
59.49815420003142,0.0052354031668081545,-6.1714114000000055,1
59.548174700001255,0.00523385412296742,-6.171149600000006,1
59.59831040003337,-0.005221827955574593,-6.1714114000000055,2
59.66499930003192,-0.0039256907822093345,-6.171673200000005,2
59.73170150001533,0.0,-6.171673200000005,0
59.79822600004263,0.0,-6.171673200000005,0
59.84831499995198,0.0,-6.171673200000005,0
59.89834199997131,0.0,-6.171673200000005,0
59.96488440001849,0.0,-6.171673200000005,0
60.01509730005637,-0.005213799637195134,-6.171935000000005,2
60.06513590004761,0.010463921854161949,-6.171411400000005,1
60.13153630006127,-0.007885494664072228,-6.171935000000005,2
60.19805000000633,0.003936031226893649,-6.171673200000005,1
60.26466880005319,0.003929821609153471,-6.1714114000000055,1
60.31470680003986,-0.00523202366341057,-6.171673200000005,2
60.38157239998691,-0.003915316698082649,-6.171935000000005,2
60.44782220001798,0.003951710041044758,-6.171673200000005,1
60.514441399951465,0.0,-6.171673200000005,0
60.58136910002213,-0.00391168379794291,-6.171935000000005,2
60.632160200038925,0.0,-6.171935000000005,0
60.698142800014466,0.003967712701485625,-6.171673200000005,1
60.76464169996325,-0.0039369072300690046,-6.171935000000005,2
60.831172900041565,0.003934995907060548,-6.171673200000005,1
60.88117850001436,-0.005235413636521616,-6.171935000000005,2
60.93118920002598,0.0,-6.171935000000005,0
60.9978134999983,0.0,-6.171935000000005,0
61.06485049996991,0.0,-6.171935000000005,0
61.131343799992464,0.0,-6.171935000000005,0
61.19806109997444,0.0,-6.171935000000005,0
61.26442619995214,0.0,-6.171935000000005,0
61.314462800044566,0.005232170041857596,-6.171673200000005,1
61.3645114999963,0.0,-6.171673200000005,0
61.43123200000264,-0.007847663011371953,-6.172196800000005,2
61.49789030000102,0.003927492900454431,-6.171935000000006,1
61.56448719999753,0.003931113910913469,-6.171673200000006,1
61.614553199964575,-0.005229097594621485,-6.171935000000006,2
61.68120200000703,0.0,-6.171935000000006,0
61.73120250005741,0.010471895270497201,-6.1714114000000055,1
61.7978627999546,-0.007854750140751186,-6.171935000000006,2
61.8646256000502,0.003921345414289217,-6.171673200000006,1
61.914691200014204,-0.005229139372907696,-6.171935000000006,2
61.981140800053254,-0.04333810885705328,-6.174814800000005,2
62.031156999990344,-0.094217473657079,-6.179527200000005,2
62.08152270002756,-0.15593945868311462,-6.187381200000005,2
62.147988399956375,-0.15179937907681054,-6.197329600000005,2
62.198007700033486,-0.23029510573402312,-6.2088488000000055,2
62.24832819995936,-0.25492989972072794,-6.221677000000006,2
62.31494890002068,-0.1925557670242468,-6.234505200000006,2
62.38153959996998,-0.15332771705018033,-6.244715400000007,2
62.44818299997132,-0.09428090403361324,-6.250998600000007,2
62.498290800023824,-0.09404523836733016,-6.255711000000007,2
62.56484809995163,-0.1298039435098894,-6.264350400000007,2
62.61506019998342,-0.2867635488435064,-6.278749400000007,2
62.68169840006158,-0.3417949460412414,-6.301526000000007,2
62.74834489997011,-0.33782419228168087,-6.324040800000007,2
62.815053800004534,-0.30611207784060723,-6.344461200000007,2
62.88161919999402,-0.2320454771163365,-6.359907400000007,2
62.93165010004304,-0.3662936301774117,-6.378233400000007,2
62.998266299953684,-0.32225794969987387,-6.399701000000007,2
63.04828320001252,-0.47108077414401156,-6.4232630000000075,2
63.09830680000596,-0.46055062016772785,-6.446301400000007,2
63.148440600023605,-0.39165193927227426,-6.4659364000000075,2
63.21498399996199,-0.2439250175829627,-6.482168000000008,2
63.28161259996705,-0.30648100062809475,-6.502588400000008,2
63.34828260005452,-0.30629068506387896,-6.5230088000000075,2
63.41485229996033,-0.2792231304377105,-6.541596600000007,2
63.48165390000213,-0.25865847508425355,-6.558875400000007,2
63.548226900049485,-0.29887191482803327,-6.578772200000007,2
63.598330199951306,-0.3971155600327428,-6.598669000000006,2
63.664818400051445,-0.633944067315969,-6.640818800000006,2
63.71489699999802,-0.37640029913196044,-6.659668400000006,2
63.765008999966085,-0.3186821521826416,-6.675638200000006,2
63.83167019998655,-0.25920325458731786,-6.692917000000006,2
63.8982224999927,-0.3028986225590522,-6.713075600000006,2
63.94828979996964,-0.4026300601247254,-6.733234200000006,2
64.01477610005531,-0.28351103875100964,-6.7520838000000065,2
64.06481670006178,-0.34529561991195995,-6.769362600000006,2
64.11511500005145,-0.3591413627043542,-6.787426800000007,2
64.18161860003602,-0.3188669486301447,-6.808632600000006,2
64.24828030006029,-0.3024015288038088,-6.828791200000007,2
64.29830140003469,-0.35589781130583936,-6.8465936000000065,2
64.34835159999784,-0.32953714494932385,-6.863087000000006,2
64.41486210003495,-0.2519181180512999,-6.879842200000007,2
64.46492719999515,-0.3451266453824809,-6.8971210000000065,2
64.53159879997838,-0.2670162408653131,-6.914923400000006,2
64.58165009994991,-0.319068635761397,-6.930893200000006,2
64.64818799996283,-0.2085337829613829,-6.944768600000006,2
64.69828040001448,-0.2769961109008994,-6.958644000000006,2
64.74829669995233,-0.3245262048605903,-6.974875600000006,2
64.79839610005729,-0.37624402608636764,-6.993725200000006,2
64.86502599995583,-0.30254585449918286,-7.0138838000000066,2
64.93152250000276,-0.2440970575676321,-7.030115400000007,2
64.98160759999882,-0.30317200127766936,-7.045299800000007,2
65.0482927999692,-0.2394804245483786,-7.061269600000006,2
65.09839699999429,-0.3605326497769561,-7.079333800000007,2
65.16460000001825,-0.29263326424766545,-7.098707000000007,2
65.23115779994987,-0.19667116421289826,-7.111797000000007,2
65.28119580005296,-0.21974499335199885,-7.1227926000000075,2
65.331430500024,-0.2553653153576058,-7.135620800000008,2
65.39813240000512,-0.24334539202920538,-7.151852400000008,2
65.46475619997364,-0.2986440282512262,-7.171749200000008,2
65.53136679995805,-0.2908425986934935,-7.191122400000008,2
65.59790369996335,-0.2439488464101312,-7.2073540000000085,2
65.66445050004404,-0.22030811372183248,-7.222014800000008,2
65.73108479997609,-0.2985969691328692,-7.241911600000008,2
65.78113260003738,-0.38709393772101613,-7.261284800000008,2
65.831145400065,-0.3402528950709312,-7.278301800000008,2
65.88121979997959,-0.30846500460005954,-7.293748000000009,2
65.94779530004598,-0.23987502886308307,-7.3097178000000085,2
66.01440570002887,-0.2790525203988271,-7.328305600000008,2
66.06445289996918,-0.41848495070612973,-7.349249600000008,2
66.11453050002456,-0.3973193599133896,-7.369146400000008,2
66.16455650003627,-0.3401631151004658,-7.386163400000008,2
66.23110049997922,-0.2360543401879461,-7.401871400000008,2
66.28112119995058,-0.3663683237238671,-7.420197400000008,2
66.33124179998413,-0.42309549338604346,-7.441403200000008,2
66.39801050000824,-0.3332849073287855,-7.463656200000008,2
66.46442219999153,-0.28777158248935475,-7.482767600000008,2
66.51442859997042,-0.3036491330392107,-7.497952000000008,2
66.56446490006056,-0.2720744734417767,-7.511565600000008,2
66.6146322999848,-0.32354875924423665,-7.527797200000008,2
66.68108829995617,-0.3112164440970105,-7.548479400000009,2
66.73133840004448,-0.3699057308808378,-7.567067200000008,2
66.79772679996677,-0.27998566047318474,-7.585655000000008,2
66.84798059996683,-0.5678416358556689,-7.614191200000008,2
66.91441029997077,-0.22857848220148685,-7.6293756000000075,2
66.98113139998168,-0.282513327821604,-7.648225200000008,2
67.04777309997007,-0.2710645137075691,-7.666289400000008,2
67.14865680004004,-0.17239098339196046,-7.6778086000000085,2
67.21442730003037,-0.19106438299616363,-7.690375000000008,2
67.26491799997166,-0.30592168494316624,-7.705821200000009,2
67.31495010002982,-0.34535428214913916,-7.7231000000000085,2
67.38161489996128,-0.21206393800828993,-7.737237200000009,2
67.44825739995576,-0.1571369621617791,-7.747709200000009,2
67.4982817999553,-0.18317061274270657,-7.756872200000009,2
67.56477519997861,-0.1732382461411251,-7.768391400000009,2
67.61497500003316,-0.26075801070477467,-7.781481400000009,2
67.66499580000527,-0.3192631866923766,-7.797451200000009,2
67.73154569999315,-0.22816563214619684,-7.812635600000009,2
67.78163870004937,-0.2195037228287195,-7.823631200000009,2
67.84826630004682,-0.15324280028683898,-7.83384140000001,2
67.89837159996387,-0.2664748045037983,-7.847193200000009,2
67.96494229999371,-0.2634882912773463,-7.8647338000000095,2
68.0149443000555,-0.40839166382871467,-7.885154200000009,2
68.08146600006148,-0.24400458795462615,-7.90138580000001,2
68.14833900006488,-0.18008463803610078,-7.913428600000009,2
68.21491129999049,-0.2044934607218345,-7.92704220000001,2
68.28149700001813,-0.30274668572427227,-7.94720080000001,2
68.34827970003244,-0.3214545083592456,-7.96866840000001,2
68.41490560001694,-0.29470521230583824,-7.98830340000001,2
68.46494690002874,-0.3243640751973452,-8.00453500000001,2
68.53143229999114,-0.26382634397806304,-8.02207560000001,2
68.58167250000406,-0.416877321241018,-8.04301960000001,2
68.64824100001715,-0.30675770065397806,-8.06344000000001,2
68.71473650005646,-0.2755975966669393,-8.08176600000001,2
68.76496429997496,-0.30231067306626097,-8.096950400000011,2
68.83173330000136,-0.2666267278671501,-8.114752800000012,2
68.89823459996842,-0.2795103255005184,-8.133340600000013,2
68.94823510001879,-0.33510064865591044,-8.150095800000013,2
69.01495770004112,-0.20010910839103074,-8.163447600000014,2
69.08158530003857,-0.1335962874295519,-8.172348800000014,2
69.13159410003573,-0.18846283055253366,-8.181773600000014,2
69.18164540000726,-0.24583976853746983,-8.194078200000014,2
69.24828810000326,-0.2239194990733202,-8.209000800000014,2
69.29832639999222,-0.31915152999852003,-8.224970600000015,2
69.36491909995675,-0.21622490164341332,-8.239369600000014,2
69.43150369997602,-0.10615968253852154,-8.246438200000014,2
69.49816950003151,-0.13351973564543035,-8.255339400000015,2
69.5482645999873,-0.22994664169078985,-8.266858600000015,2
69.59828919998836,-0.3035386589733985,-8.282043000000016,2
69.66485109995119,-0.26745630773670837,-8.299845400000017,2
69.73158879997209,-0.20006383192438135,-8.313197200000017,2
69.798245199956,-0.1296109601191347,-8.321836600000017,2
69.84828869998455,-0.16217490773766433,-8.329952400000018,2
69.91492969996762,-0.16106901161038598,-8.340686200000018,2
69.98142149997875,-0.20867836331211115,-8.354561600000018,2
70.03167329996359,-0.27611747249227486,-8.368437000000018,2
70.09823330002837,-0.24779747572035735,-8.384930400000018,2
70.16457679995801,-0.16573741228094077,-8.395926000000017,2
70.23109130002558,-0.1102075486180209,-8.403256400000018,2
70.28116250003222,-0.1777708542798923,-8.412157600000018,2
70.33116419997532,-0.21990452349647252,-8.423153200000018,2
70.38121749996208,-0.2719820671884125,-8.436766800000017,2
70.44788490002975,-0.21990958077138525,-8.451427600000017,2
70.51442340004724,-0.1691862605415139,-8.462685000000016,2
70.56444029998966,-0.1413242325721384,-8.469753600000017,2
70.61448810005095,-0.13600597811819487,-8.476560400000016,2
70.6811810999643,-0.21197427043866737,-8.490697600000017,2
70.74777130002622,-0.2752056606371817,-8.509023600000017,2
70.8144177000504,-0.29461456272019654,-8.528658600000016,2
70.86445049999747,-0.3558145860082045,-8.546461000000017,2
70.9310889999615,-0.20821897262828437,-8.560336400000017,2
70.99768420006149,-0.22014799832403975,-8.574997200000016,2
71.04774319997523,-0.3399388727166255,-8.592014200000015,2
71.11451290000696,-0.28230769332561123,-8.610863800000015,2
71.1647422000533,-0.3700589094980739,-8.629451600000015,2
71.23111930000596,-0.24848027424763858,-8.645945000000015,2
71.28126139997039,-0.29238504191885517,-8.660605800000015,2
71.3477661999641,-0.2322569198232487,-8.676052000000015,2
71.41439100005664,-0.2632743359175024,-8.693592600000015,2
71.4810725999996,-0.30231128253133743,-8.713751200000015,2
71.54770570003893,-0.247525629008194,-8.730244600000015,2
71.59799659997225,-0.2550799452189123,-8.743072800000014,2
71.66445739998017,-0.17332322208922857,-8.754592000000015,2
71.73105339996982,-0.1808336837328079,-8.766634800000014,2
71.78109389997553,-0.26158811359812706,-8.779724800000015,2
71.84781680000015,-0.23149773157793843,-8.795171000000014,2
71.91442919999827,-0.22009115420572684,-8.809831800000014,2
71.981017800048,-0.1847853835463013,-8.822136400000014,2
72.03107440005988,-0.19874302285089093,-8.832084800000015,2
72.08113509998657,-0.20395639723280326,-8.842295000000014,2
72.14778100000694,-0.21466608577593316,-8.856432200000015,2
72.21438649995252,-0.23190577373670476,-8.871878400000014,2
72.2813358999556,-0.24244578740445977,-8.888110000000013,2
72.3481419000309,-0.1528335776500789,-8.898320200000013,2
72.41456049995031,-0.12219167537175869,-8.906436000000014,2
72.46500299999025,-0.1816523763244425,-8.915599000000013,2
72.53155840002,-0.1416083442633698,-8.925023800000012,2
72.59826810006052,-0.14128080315569413,-8.934448600000012,2
72.66486889997032,-0.16509711617417422,-8.945444200000011,2
72.73139800003264,-0.18101552536736704,-8.957487000000011,2
72.7814350000117,-0.21974938554674223,-8.96848260000001,2
72.83156339998823,-0.1775680054453696,-8.97738380000001,2
72.8815674999496,-0.13088926718121557,-8.98392880000001,2
72.94816619995981,-0.15724030646834491,-8.99440080000001,2
73.01474719995167,-0.2241270032265237,-9.00932340000001,2
73.06476430001203,-0.35592627278504296,-9.027125800000011,2
73.13308790000156,-0.23373768364735134,-9.043095600000012,2
73.19822020002175,-0.20097555277398754,-9.056185600000012,2
73.2482919000322,-0.3293956465739778,-9.072679000000011,2
73.31476269999985,-0.14572714642692383,-9.082365600000012,2
73.36491660005413,-0.2401169198599835,-9.094408400000011,2
73.43157010001596,-0.19246101115989567,-9.107236600000011,2
73.49806210002862,-0.14961799912930965,-9.117185000000012,2
73.54825430002529,-0.14083064700229525,-9.124253600000012,2
73.61490739998408,-0.054989190334228805,-9.127918800000012,2
73.68147359997965,-0.03932926921131055,-9.130536800000012,2
73.74824810004793,-0.13722304158969076,-9.139699800000011,2
73.81521000002977,-0.1798455540130593,-9.151742600000011,2
73.88158990000375,-0.22086203814327215,-9.16640340000001,2
73.94811480003409,-0.18102695373471867,-9.17844620000001,2
74.01472510001622,-0.1375613081228901,-9.18760920000001,2
74.06482590001542,-0.11496024015768193,-9.193368800000009,2
74.11488839995582,-0.11504818989977342,-9.199128400000008,2
74.164939600043,-0.15168867053687912,-9.206720600000008,2
74.23157329997048,-0.1532287717943368,-9.216930800000007,2
74.2982001999626,-0.22004325582812445,-9.231591600000007,2
74.36490669997875,-0.2119313709545052,-9.245728800000007,2
74.43157490005251,-0.17278402577622926,-9.257248000000008,2
74.49821780005004,-0.07463960902337959,-9.262222200000007,2
74.56488379999064,-0.07461374620394678,-9.267196400000007,2
74.61493809998501,-0.1569095961961932,-9.275050400000007,2
74.66493930004071,-0.19372735032776622,-9.284737000000007,2
74.73154810001142,-0.16114687555878784,-9.295470800000007,2
74.78160360001493,-0.17259641796394642,-9.304110200000007,2
74.84819649998099,-0.07076430073479588,-9.308822600000008,2
74.91490600001998,-0.05101822076331671,-9.312226000000008,2
74.98141670005862,-0.04329829633919359,-9.315105800000008,2
75.04816720006056,0.019610339996881908,-9.31379680000001,1
75.09821930003818,0.0366138483863698,-9.31196420000001,1
75.16454170003999,0.02763169004665112,-9.310131600000009,1
75.21463249996305,0.015679526004904357,-9.30934620000001,1
75.28125470003579,-0.007859242105909069,-9.309869800000008,2
75.34770709997974,0.0,-9.309869800000008,0
75.39777729997877,0.005228658962917818,-9.309608000000008,1
75.44798910000827,-0.00521391385782192,-9.309869800000008,2
75.51461840001866,-0.003929202317286439,-9.310131600000009,2
75.58129450003617,-0.00785288881417107,-9.310655200000008,2
75.6477171999868,-0.015765694570956418,-9.311702400000009,2
75.69772739999462,-0.03140959243823099,-9.313273200000008,2
75.74774440005422,-0.020936881435356394,-9.314320400000009,2
75.81450360000599,-0.003921556881884679,-9.31458220000001,2
75.88119540002663,-0.003925520077715647,-9.31484400000001,2
75.94774239999242,0.003934061642667093,-9.31458220000001,1
76.01439070003107,-0.00392808218436445,-9.31484400000001,2
76.06443649996072,0.0,-9.31484400000001,0
76.11447020003106,0.0,-9.31484400000001,0
76.16453890001867,0.0,-9.31484400000001,0
76.21454029995948,-0.005235853402302824,-9.31510580000001,2
76.28127160004806,0.0,-9.31510580000001,0
76.34770220005885,0.0,-9.31510580000001,0
76.39778350002598,0.0,-9.31510580000001,0
76.46438250003848,0.0,-9.31510580000001,0
76.51438349997625,0.0,-9.31510580000001,0
76.56465730001219,-0.005207483814886686,-9.31536760000001,2
76.63113420002628,0.0,-9.31536760000001,0
76.69771470001433,0.0,-9.31536760000001,0
76.747752700001,-0.00523202366341057,-9.315629400000011,2
76.8144261999987,0.0,-9.315629400000011,0
76.86443740001414,0.005234827397047266,-9.31536760000001,1
76.93110489996616,0.0,-9.31536760000001,0
76.98112090001814,-0.005234325010554736,-9.315629400000011,2
77.04769210005179,0.0,-9.315629400000011,0
77.14805680001155,0.0,-9.315629400000011,0
77.21440169995185,0.0,-9.315629400000011,0
77.26486870006192,0.0,-9.315629400000011,0
77.31489140004851,-0.010467247872274458,-9.31615300000001,2
77.38158130005468,0.0,-9.31615300000001,0
77.44808770006057,-0.003936463257322704,-9.316414800000011,2
77.51490489998832,0.0,-9.316414800000011,0
77.56492809997872,-0.0052335716237722815,-9.316676600000012,2
77.6316044999985,0.0,-9.316676600000012,0
77.69805550004821,-0.003939745072371435,-9.316938400000012,2
77.74817380006425,0.005223640864040134,-9.316676600000012,1
77.79823169996962,-0.010459887470106276,-9.317200200000011,2
77.84827700001188,0.0,-9.317200200000011,0
77.91491180006415,0.003928878000603835,-9.31693840000001,1
77.9814668999752,-0.003933582856157782,-9.317200200000011,2
78.03153749997728,0.005228617192307709,-9.31693840000001,1
78.08155430003535,0.00523424128884745,-9.31667660000001,1
78.14824999996927,-0.003925290539860855,-9.31693840000001,2
78.21485250000842,0.003930783376691548,-9.31667660000001,1
78.26488829997834,-0.01046450741898366,-9.31720020000001,2
78.3150499999756,0.00521912136180182,-9.316938400000009,1
78.38151660002768,0.0,-9.316938400000009,0
78.44806149997748,0.0,-9.316938400000009,0
78.49808589997701,-0.005233446078363045,-9.31720020000001,2
78.54819380003028,0.0,-9.31720020000001,0
78.59832370001823,0.01044486424520797,-9.31667660000001,1
78.66485890001059,-0.0039347593458810785,-9.31693840000001,2
78.73138330003712,0.0,-9.31693840000001,0
78.78158980002627,-0.005214464263722937,-9.317200200000011,2
78.84813810000196,0.003933984791431524,-9.31693840000001,1
78.91488120006397,-0.003922502846837428,-9.317200200000011,2
78.96496899996419,0.0,-9.317200200000011,0
79.03144529997371,0.0,-9.317200200000011,0
79.08160649996717,-0.005219173385687845,-9.317462000000011,2
79.1483035000274,-0.0039252140240727835,-9.317723800000012,2
79.2149365999503,0.003928978245089657,-9.317462000000011,1
79.28158159996383,-0.0039282766891271465,-9.317723800000012,2
79.34817490004934,0.0,-9.317723800000012,0
79.41486719995737,-0.007850981308518044,-9.318247400000011,2
79.4649117999943,0.0052313336465237975,-9.31798560000001,1
79.53146169998217,0.0,-9.31798560000001,0
79.59824940003455,0.0,-9.31798560000001,0
79.66486270003952,-0.003930146081645129,-9.318247400000011,2
79.71487080003135,0.0052351519062468,-9.31798560000001,1
79.7648888999829,0.0,-9.31798560000001,0
79.81494269997347,-0.005230372120585265,-9.318247400000011,2
79.88142130000051,-0.003938109405034326,-9.318509200000012,2
79.93160290003289,0.0,-9.318509200000012,0
79.99804640002549,0.0,-9.318509200000012,0
80.06479990005028,0.0,-9.318509200000012,0
80.13131950004026,-0.003935682115337501,-9.318771000000012,2
80.18140750005841,0.005226800828644298,-9.318509200000012,1
80.2480324000353,0.0,-9.318509200000012,0
80.3147570999572,0.0039235845242677515,-9.318247400000011,1
80.38131720002275,0.0,-9.318247400000011,0
80.44785969995428,0.003934327689362238,-9.31798560000001,1
80.49786000000313,0.0,-9.31798560000001,0
80.54787979996763,-0.005233927368477915,-9.318247400000011,2
80.59799889998976,0.0052235574837617635,-9.31798560000001,1
80.66446630004793,0.0,-9.31798560000001,0
80.73107360000722,-0.003930500112750738,-9.318247400000011,2
80.79775430005975,0.0,-9.318247400000011,0
80.86446379998233,0.0,-9.318247400000011,0
80.93104729999322,0.0,-9.318247400000011,0
80.9810857999837,0.0,-9.318247400000011,0
81.0477627000073,0.0,-9.318247400000011,0
81.09794690005947,-0.005216781371982226,-9.318509200000012,2
81.16455940005835,0.003930193282107598,-9.318247400000011,1
81.23104290000629,0.0,-9.318247400000011,0
81.28105500002857,0.0,-9.318247400000011,0
81.33108899998479,0.0,-9.318247400000011,0
81.38117670000065,0.0,-9.318247400000011,0
81.44776270003058,0.0,-9.318247400000011,0
81.51462489995174,-0.003915515796798425,-9.318509200000012,2
81.5812423999887,0.003929898297816206,-9.318247400000011,1
81.64770059997682,0.0,-9.318247400000011,0
81.6978911999613,0.0,-9.318247400000011,0
81.74795370001812,0.0,-9.318247400000011,0
81.81442329997662,0.0,-9.318247400000011,0
81.86443139996845,0.0,-9.318247400000011,0
81.91450299997814,0.0,-9.318247400000011,0
81.96468570001889,0.0,-9.318247400000011,0
82.03107619995717,0.0,-9.318247400000011,0
82.14773730002344,0.0,-9.318247400000011,0
82.21433440002147,0.0,-9.318247400000011,0
82.26447189995088,-0.005221640496008334,-9.318509200000012,2
82.31454649998341,0.005228199522910276,-9.318247400000011,1
82.38099920004606,0.0,-9.318247400000011,0
82.43151879997458,-0.005182147134387776,-9.318509200000012,2
82.49810329999309,0.0,-9.318509200000012,0
82.5481861999724,-0.005227333083909353,-9.318771000000012,2
82.61488160002045,0.003925308189341387,-9.318509200000012,1
82.68160610005725,0.0,-9.318509200000012,0
82.748165099998,0.0,-9.318509200000012,0
82.81482289999258,0.0,-9.318509200000012,0
82.86484509997535,0.0,-9.318509200000012,0
82.91484950005542,0.005235539264160572,-9.318247400000011,1
82.98140539997257,-0.003933535574245125,-9.318509200000012,2
83.04799570003524,-0.003931503533601855,-9.318771000000012,2
83.09805070003495,0.0,-9.318771000000012,0
83.1481616999954,0.005224401832065076,-9.318509200000012,1
83.2148351999931,-0.003926597523888962,-9.318771000000012,2
83.28150439995807,0.0,-9.318771000000012,0
83.34811090002768,-0.0039305473148475234,-9.319032800000013,2
83.39870540006086,0.0,-9.319032800000013,0
83.46490220003761,0.0,-9.319032800000013,0
83.53140139998868,0.0,-9.319032800000013,0
83.58152959996369,0.0,-9.319032800000013,0
83.63156380003784,0.0,-9.319032800000013,0
83.69801189994905,0.0,-9.319032800000013,0
83.74815050000325,0.0,-9.319032800000013,0
83.79815639997832,0.0,-9.319032800000013,0
83.86482949997298,0.0,-9.319032800000013,0
83.9148722999962,0.0,-9.319032800000013,0
83.98155060003046,0.0,-9.319032800000013,0
84.04798100003973,0.0,-9.319032800000013,0
84.09828929998912,0.0,-9.319032800000013,0
84.16490069997963,0.00393025818459471,-9.318771000000012,1
84.23149539995939,-0.007862487557705624,-9.319294600000012,2
84.28158619999886,0.005226508656154597,-9.319032800000011,1
84.34814849996474,-0.003933157359859803,-9.319294600000012,2
84.39818310004193,0.0,-9.319294600000012,0
84.46487230004277,0.003925673122435304,-9.319032800000011,1
84.53145959996618,-0.003931680670354822,-9.319294600000012,2
84.58153259998653,0.0,-9.319294600000012,0
84.64801240002271,0.0,-9.319294600000012,0
84.69803279999178,0.0,-9.319294600000012,0
84.74817230005283,0.0,-9.319294600000012,0
84.81468459998723,0.0,-9.319294600000012,0
84.86482140002772,0.0,-9.319294600000012,0
84.91485589998774,0.0,-9.319294600000012,0
84.98151249997318,0.0,-9.319294600000012,0
85.04799420002382,0.0,-9.319294600000012,0
85.09815400000662,0.0,-9.319294600000012,0
85.16441830003168,0.0,-9.319294600000012,0
85.23101770004723,0.0,-9.319294600000012,0
85.28107529995032,0.0,-9.319294600000012,0
85.3480458999984,0.0,-9.319294600000012,0
85.41427289997227,0.0,-9.319294600000012,0
85.4643545000581,0.0,-9.319294600000012,0
85.51438369997777,0.0,-9.319294600000012,0
85.56466020003427,0.0,-9.319294600000012,0
85.63112100004219,0.0,-9.319294600000012,0
85.69766079995316,0.0,-9.319294600000012,0
85.74767409998458,0.0,-9.319294600000012,0
85.79770130000543,0.0,-9.319294600000012,0
85.86430020001717,0.0,-9.319294600000012,0
85.91452979994938,0.0,-9.319294600000012,0
85.98094549996313,0.003941839052299418,-9.319032800000011,1
86.03108560002875,0.005221369715205599,-9.31877100000001,1
86.09779060003348,0.0,-9.31877100000001,0
86.164448000025,-0.003927545929383344,-9.319032800000011,2
86.21461589995306,0.005218476363878888,-9.31877100000001,1
86.28096780006308,0.0,-9.31877100000001,0
86.33114759996533,0.0,-9.31877100000001,0
86.39773710002191,0.0,-9.31877100000001,0
86.46438120002858,0.0,-9.31877100000001,0
86.514412599965,-0.005232713862348861,-9.319032800000011,2
86.56445479998365,0.01046316908139217,-9.318509200000012,1
86.63105570001062,-0.007861755618737457,-9.319032800000011,2
86.6811052999692,0.0,-9.319032800000011,0
86.7480456000194,-0.003910947512988489,-9.319294600000012,2
86.81440739997197,0.0,-9.319294600000012,0
86.88100080005825,0.003931320516159567,-9.319032800000011,1
86.93107090005651,-0.005228669405674627,-9.319294600000012,2
86.98124490003102,0.0,-9.319294600000012,0
87.04764430003706,-0.0039428067117496905,-9.319556400000012,2
87.1478674999671,0.0,-9.319556400000012,0
87.21438360004686,-0.003935889201052121,-9.319818200000013,2
87.28121180005837,0.003917507877735647,-9.319556400000012,1
87.34766930004116,0.0,-9.319556400000012,0
87.39778620004654,0.0,-9.319556400000012,0
87.44800269999541,0.0,-9.319556400000012,0
87.51471989997663,0.0,-9.319556400000012,0
87.58145319996402,0.0,-9.319556400000012,0
87.63160680001602,0.0,-9.319556400000012,0
87.69797540002037,0.0,-9.319556400000012,0
87.74819840001874,0.0,-9.319556400000012,0
87.81500179995783,0.0,-9.319556400000012,0
87.86510769999586,0.0,-9.319556400000012,0
87.9315171999624,0.0,-9.319556400000012,0
87.98152599995956,0.0,-9.319556400000012,0
88.03155730001163,0.0,-9.319556400000012,0
88.09796140005346,0.0,-9.319556400000012,0
88.14805029996205,0.0,-9.319556400000012,0
88.19817210000474,0.0,-9.319556400000012,0
88.26487960002851,0.003924596183438486,-9.319294600000012,1
88.33154190005735,-0.003927257233649978,-9.319556400000012,2
88.39803959999699,0.0,-9.319556400000012,0
88.44805000000633,0.0,-9.319556400000012,0
88.5147720000241,0.003923743292022208,-9.319294600000012,1
88.58154569996987,-0.003920705310812776,-9.319556400000012,2
88.64815949997865,0.003930116581931802,-9.319294600000012,1
88.71483620000072,-0.003926409074134411,-9.319556400000012,2
88.78144619998056,0.003930340790860402,-9.319294600000012,1
88.83150289999321,-0.005230069100317387,-9.319556400000012,2
88.88150380004663,0.0,-9.319556400000012,0
88.94799080002122,-0.007875223730957035,-9.320080000000011,2
88.99813309998717,0.005221140637301283,-9.319818200000011,1
89.0646627000533,0.0,-9.319818200000011,0
89.11491700005718,0.0,-9.319818200000011,0
89.18148040003143,0.003933092361586857,-9.31955640000001,1
89.2315813000314,-0.005225455031749978,-9.319818200000011,2
89.2981358000543,0.007867236622915295,-9.319294600000012,1
89.36471820005681,0.0,-9.319294600000012,0
89.41481840005144,-0.010451056084728415,-9.319818200000011,2
89.48148049996234,0.003927269023176883,-9.31955640000001,1
89.53149289998692,0.00523470179138335,-9.31929460000001,1
89.58150169998407,-0.005235078626459269,-9.31955640000001,2
89.63157159998082,-0.0052286902913133825,-9.319818200000011,2
89.6981201999588,0.0,-9.319818200000011,0
89.74818059999961,0.0,-9.319818200000011,0
89.79819160001352,0.0,-9.319818200000011,0
89.86465979996137,0.0,-9.319818200000011,0
89.9147828000132,0.0,-9.319818200000011,0
89.98152489995118,0.0,-9.319818200000011,0
90.04801060003228,0.0,-9.319818200000011,0
90.09833329997491,0.0,-9.319818200000011,0
90.1643867000239,0.0,-9.319818200000011,0
90.23105699999724,0.0,-9.319818200000011,0
90.28124619997106,0.0,-9.319818200000011,0
90.34775710001122,0.0,-9.319818200000011,0
90.41433319996577,0.0,-9.319818200000011,0
90.48095110000577,0.0,-9.319818200000011,0
90.53098499996122,0.0,-9.319818200000011,0
90.58121129998472,0.0,-9.319818200000011,0
90.63121390005108,0.0,-9.319818200000011,0
90.69760359998327,0.0,-9.319818200000011,0
90.74764640000649,0.0,-9.319818200000011,0
90.81430860003456,0.0,-9.319818200000011,0
90.88126559997909,0.0,-9.319818200000011,0
90.93130020005628,0.0,-9.319818200000011,0
90.99764309998136,0.0,-9.319818200000011,0
91.04785490001086,0.0,-9.319818200000011,0
91.09799899999052,0.0,-9.319818200000011,0
91.16434659995139,0.0,-9.319818200000011,0
91.2309989000205,0.0,-9.319818200000011,0
91.29767020000145,0.0,-9.319818200000011,0
91.36430160002783,-0.003929078480961632,-9.320080000000011,2
91.41435760003515,0.0,-9.320080000000011,0
91.48113199998625,0.0,-9.320080000000011,0
91.54765550000593,0.0,-9.320080000000011,0
91.59789940004703,0.0,-9.320080000000011,0
91.66428639995866,0.003943543168820646,-9.319818200000011,1
91.71431509999093,-0.005232996256771087,-9.320080000000011,2
91.78112810000312,0.0,-9.320080000000011,0
91.84760650002863,0.0,-9.320080000000011,0
91.89761560002808,0.0,-9.320080000000011,0
91.9476276000496,0.0,-9.320080000000011,0
92.01431390002836,0.0,-9.320080000000011,0
92.08112330001313,0.0,-9.320080000000011,0
92.14768130006269,0.003985337363427564,-9.319818200000011,1
92.21429569995962,0.0,-9.319818200000011,0
92.28100319998339,0.0,-9.319818200000011,0
92.34762590005994,-0.003929591561122393,-9.320080000000011,2
92.3976792000467,0.005230424369007933,-9.319818200000011,1
92.44823290000204,0.0,-9.319818200000011,0
92.51467179995961,-0.0039404625929564535,-9.320080000000011,2
92.5647407999495,0.005228784278752628,-9.319818200000011,1
92.61491430003662,0.0,-9.319818200000011,0
92.68144980003126,-0.003934741604422877,-9.320080000000011,2
92.73144989996217,0.005235989535255784,-9.319818200000011,1
92.7814676000271,-0.005234147105128,-9.320080000000011,2
92.84800520003773,0.003934617418695014,-9.319818200000011,1
92.89809250005055,0.0,-9.319818200000011,0
92.96463950001635,0.0,-9.319818200000011,0
93.01468440005556,0.0,-9.319818200000011,0
93.08150720002595,0.0,-9.319818200000011,0
93.1481616999954,-0.003927716810118008,-9.320080000000011,2
93.1982100000605,0.0,-9.320080000000011,0
93.26474759995472,0.003934617425579088,-9.319818200000011,1
93.31478110002354,0.0,-9.319818200000011,0
93.3814652999863,0.0,-9.319818200000011,0
93.43148040003143,0.0,-9.319818200000011,0
93.48154289997183,0.0,-9.319818200000011,0
93.54795509995893,0.0,-9.319818200000011,0
93.59822150005493,0.0,-9.319818200000011,0
93.66466400003992,0.0,-9.319818200000011,0
93.71473769994918,0.0,-9.319818200000011,0
93.78140580002218,0.0,-9.319818200000011,0
93.83167139999568,0.0,-9.319818200000011,0
93.89813760004472,0.0,-9.319818200000011,0
93.96464749996085,0.0,-9.319818200000011,0
94.01471470005345,0.0,-9.319818200000011,0
94.06480849999934,0.0,-9.319818200000011,0
94.13185330003034,0.0,-9.319818200000011,0
94.19818139995914,0.0,-9.319818200000011,0
94.2482580000069,0.0,-9.319818200000011,0
94.31484230002388,0.0,-9.319818200000011,0
94.3814613999566,0.0,-9.319818200000011,0
94.44817520002834,0.0,-9.319818200000011,0
94.51464379997924,-0.003938701886205082,-9.320080000000011,2
94.56488530000206,0.00521083168060434,-9.319818200000011,1
94.63145620003343,0.00786529849759131,-9.319294600000012,1
94.68147149996366,-0.02093759312571682,-9.320341800000012,2
94.74813219998032,-0.08247438143653438,-9.325839600000013,2
94.79819640005007,-0.1673371388802247,-9.334217200000012,2
94.86475970002357,-0.18092252043987145,-9.346260000000012,2
94.91480240004603,-0.3086604038764452,-9.361706200000011,2
94.98144790006336,-0.24355132748316455,-9.37793780000001,2
95.04804120003246,-0.2240856063136136,-9.39286040000001,2
95.0982248999644,-0.22954066789854843,-9.404379600000011,2
95.16442329995334,-0.15819113455537415,-9.414851600000011,2
95.23097649996635,-0.2045521477155111,-9.42846520000001,2
95.29762990004383,-0.2121002076948139,-9.44260240000001,2
95.34764359996188,-0.2564937211407799,-9.45543060000001,2
95.39764490001835,-0.20419869060344287,-9.46564080000001,2
95.44773190002888,-0.2143031125390279,-9.47637460000001,2
95.5142614999786,-0.21642998020253593,-9.49077360000001,2
95.56426640006248,-0.3821905446854798,-9.50988500000001,2
95.61461259995122,-0.4471995910268742,-9.53239980000001,2
95.68095559999347,-0.3472619565791026,-9.55543820000001,2
95.7310857999837,-0.4125696686633732,-9.57612040000001,2
95.79763679997995,-0.2438971615890676,-9.592352000000009,2
95.86435579997487,-0.2864461398020881,-9.611463400000009,2
95.93093899998348,-0.33814535794448314,-9.633978200000008,2
95.99760919995606,-0.34163089370315985,-9.656754800000009,2
96.06430049997289,-0.2983417626433964,-9.676651600000008,2
96.13116180000361,-0.25059638374217785,-9.693406800000009,2
96.19884329999331,-0.332658111942337,-9.715921600000009,2
96.2651191999903,-0.3357630752809643,-9.738174600000008,2
96.33105669997167,-0.3017524171468524,-9.758071400000008,2
96.39764760003891,-0.27520276766788504,-9.776397400000008,2
96.46438560006209,-0.30990140538848737,-9.797079600000007,2
96.53090699994937,-0.37387968446461156,-9.821950600000006,2
96.5810591999907,-0.5011305581666181,-9.847083400000006,2
96.64760090003256,-0.27934062382398983,-9.865671200000007,2
96.69760289997794,-0.38221271190905437,-9.884782600000007,2
96.74765200004913,-0.4393925159237402,-9.906773800000007,2
96.79765720001888,-0.5130746405478325,-9.932430200000008,2
96.86424080003053,-0.361734721399628,-9.956515800000007,2
96.91429410001729,-0.42889479825865046,-9.977983400000006,2
96.98138270003255,-0.3121841862139567,-9.998927400000007,2
97.04760649998207,-0.3755598443303058,-10.023798400000006,2
97.14761820004787,-0.3684879629687946,-10.048145800000006,2
97.1976355999941,-0.7327849916109904,-10.084797800000006,2
97.26425290002953,-0.25937406635828625,-10.102076600000006,2
97.31456299999263,-0.36426085444953743,-10.120402600000006,2
97.36463520000689,-0.40781910909019686,-10.140823000000006,2
97.43145130004268,-0.3252120370443551,-10.162552400000006,2
97.4981037999969,-0.2395979147214239,-10.178522200000007,2
97.56462359998841,-0.22826887636369647,-10.193706600000008,2
97.61482899996918,-0.36502049594306324,-10.212032600000008,2
97.68128430005163,-0.3348566626347364,-10.234285600000007,2
97.73130240000319,-0.5129423153787938,-10.259942000000008,2
97.78137440001592,-0.48624780303979437,-10.284289400000008,2
97.84802709997166,-0.37314317374263395,-10.309160400000007,2
97.89809459995013,-0.5228940931993618,-10.335340400000007,2
97.96463579998817,-0.40917807289968555,-10.362567600000007,2
98.01551469997503,-0.4785362892336515,-10.386915000000007,2
98.08124440000392,-0.3106723443287085,-10.407335400000008,2
98.13147430005483,-0.38569059425491864,-10.426708600000008,2
98.18149790004827,-0.3925147330974953,-10.446343600000008,2
98.24804770003539,-0.3422489624974063,-10.469120200000008,2
98.29818040004466,-0.3916605328731291,-10.488755200000007,2
98.36471989995334,-0.24000480950286482,-10.504725000000008,2
98.4147775999736,-0.33471773559748547,-10.521480200000008,2
98.48152969998773,-0.2902260752230978,-10.540853400000008,2
98.54794830002356,-0.3192750221859532,-10.562059200000009,2
98.59819739998784,-0.369913093233805,-10.58064700000001,2
98.66478969994932,-0.2437458986908078,-10.596878600000009,2
98.7314708000049,-0.26305204901210066,-10.61441920000001,2
98.79809100006241,-0.31044938295208974,-10.635101400000009,2
98.84814679995179,-0.42887337825871774,-10.656569000000008,2
98.91474429995287,-0.2948308870405268,-10.676204000000007,2
98.9814531999873,-0.2747159672928526,-10.694530000000007,2
99.04812789999414,-0.3062690945426724,-10.714950400000008,2
99.09818900004029,-0.4340575812350922,-10.736679800000008,2
99.16475120000541,-0.3028535717053181,-10.756838400000008,2
99.2148320999695,-0.3554728451918036,-10.77464080000001,2
99.26484269998036,-0.35073764354335746,-10.79218140000001,2
99.33142069994938,-0.25559494139085154,-10.809198400000009,2
99.38152090006042,-0.38668907423642135,-10.828571600000009,2
99.44812089996412,-0.25157957994334534,-10.84532680000001,2
99.4981664000079,-0.25633073880324786,-10.858155000000009,2
99.56469529995229,-0.16134041009204367,-10.86888880000001,2
99.61486760003027,-0.2087207479769722,-10.87936080000001,2
99.68147589999717,-0.17293940853803547,-10.89088000000001,2
99.73150939994957,-0.23546224052298284,-10.902661000000009,2
99.7982138999505,-0.1648404530406151,-10.913656600000008,2
99.86479809996672,-0.15334268486386168,-10.923866800000008,2
99.91484530002344,-0.16216291802141639,-10.931982600000008,2
99.98142780002672,-0.0707753538807942,-10.93669500000001,2
100.03152900002897,-0.07315593238955795,-10.94036020000001,2
100.09829830005765,-0.10194505554313191,-10.94716700000001,2
100.16486020002048,-0.13372815386835418,-10.95606820000001,2
100.2311007999815,-0.16204261444365559,-10.96680200000001,2
100.29806239996105,-0.15247843544835007,-10.97701220000001,2
100.36440560000483,-0.15389972134692054,-10.98722240000001,2
100.41460030002054,-0.2816472654598126,-11.00135960000001,2
100.46477079996839,-0.08349129477190358,-11.00554840000001,2
100.53104190004524,-0.04345483923853136,-11.00842820000001,2
100.58149010001216,-0.09860014833554927,-11.01340240000001,2
100.64773239998613,-0.173894928233582,-11.02492160000001,2
100.71429519995581,-0.21238890200589397,-11.03905880000001,2
100.76431680005044,-0.31925807990529226,-11.05502860000001,2
100.81433339999057,-0.31928999610357267,-11.070998400000011,2
100.88094990001991,-0.21614765101225886,-11.08539740000001,2
100.93096759996843,-0.23553662027896735,-11.09717840000001,2
100.98098500003107,-0.16225953347906083,-11.10529420000001,2
101.04768079996575,-0.15308610152363306,-11.11550440000001,2
101.09784359997138,-0.2505123318193529,-11.12807080000001,2
101.16430689999834,-0.24421898993004426,-11.14430240000001,2
101.23091629997361,-0.2790567098172177,-11.16289020000001,2
101.2809460000135,-0.3401379577817432,-11.17990720000001,2
101.34759200003464,-0.18069801632776958,-11.19195000000001,2
101.39762359997258,-0.2511692613385946,-11.20451640000001,2
101.4477708999766,-0.2871341029096977,-11.218915400000009,2
101.5143280000193,-0.2556752020307747,-11.235932400000008,2
101.56564629997592,-0.36220607494232254,-11.254520200000009,2
101.63124669995159,-0.26339473549566367,-11.271799000000009,2
101.69759700004943,-0.145991803891112,-11.281485600000009,2
101.76430030004121,-0.16484341856180948,-11.292481200000008,2
101.83109059999697,-0.19598654308591715,-11.305571200000008,2
101.88112959999125,-0.2929874698070366,-11.320232000000008,2
101.94784180005081,-0.24330782054121566,-11.336463600000007,2
102.01432319998275,-0.18902129035886522,-11.349030000000008,2
102.06452320003882,-0.18774501971063662,-11.358454800000008,2
102.1477458999725,-0.16982996496764133,-11.369712200000007,2
102.21430989995133,-0.20451895926222277,-11.383325800000007,2
102.28091510001104,-0.22011494578285945,-11.397986600000007,2
102.34757019998506,-0.1296134879906887,-11.406626000000006,2
102.39763090002816,-0.08890407038191289,-11.411076600000007,2
102.44792950002011,-0.05725407865151403,-11.413956400000007,2
102.49812839995138,-0.07822880591758634,-11.417883400000006,2
102.56475130002946,-0.08645075481929664,-11.423643000000006,2
102.61476679996122,-0.18320320725578595,-11.432806000000005,2
102.68137220002245,-0.1847387747643217,-11.445110600000005,2
102.73145159997512,-0.2613849209929165,-11.458200600000005,2
102.7980521999998,-0.15723582064003316,-11.468672600000005,2
102.86472740001045,-0.11386842482343235,-11.476264800000004,2
102.93143820005935,-0.09418564903126295,-11.482548000000005,2
102.99805429996923,-0.16505919762452706,-11.493543600000004,2
103.06458540004678,-0.21642510018946387,-11.507942600000003,2
103.11473010003101,-0.32891611686154215,-11.524436000000003,2
103.16476269997656,-0.30349012476913517,-11.539620400000004,2
103.23149599996395,-0.1961539441699028,-11.552710400000004,2
103.2981077999575,-0.14934891417080703,-11.562658800000005,2
103.36462540004868,-0.2007258226649635,-11.576010600000005,2
103.41465910000261,-0.3348782923395295,-11.592765800000006,2
103.48127590003423,-0.2908155298783946,-11.612139000000006,2
103.5314081000397,-0.36555347656800463,-11.630465000000006,2
103.58146779995877,-0.36608289761275714,-11.648791000000006,2
103.64807590004057,-0.1493572101258478,-11.658739400000007,2
103.71466970001347,-0.18083965781948982,-11.670782200000007,2
103.7648077000631,-0.2976305394157943,-11.685704800000007,2
103.83182730001863,-0.26562975624761753,-11.703507200000008,2
103.8981172000058,-0.2409084944024835,-11.719477000000008,2
103.9646117000375,-0.18898405122243486,-11.73204340000001,2
104.01478119997773,-0.20873239742222027,-11.74251540000001,2
104.08147870004177,-0.1766333069258788,-11.754296400000008,2
104.14812190004159,-0.24748811581744812,-11.770789800000008,2
104.21473819995299,-0.25151802220003144,-11.787545000000009,2
104.26475770003162,-0.2669318961407097,-11.80089680000001,2
104.31482680002227,-0.1830070842437937,-11.810059800000008,2
104.38140830001794,-0.11402867163543108,-11.817652000000008,2
104.43142270005774,-0.16750375878413884,-11.826029600000007,2
104.48144070000853,-0.18842816604565055,-11.835454400000007,2
104.54797730001155,-0.17706044492002085,-11.847235400000006,2
104.59809560002759,-0.23506383888180601,-11.859016400000005,2
104.66465040005278,-0.14554322147063983,-11.868703000000005,2
104.71477109997068,-0.13058476858306697,-11.875248000000004,2
104.78133180004079,-0.06686528229588748,-11.879698600000005,2
104.83143110002857,-0.10973806023918921,-11.885196400000005,2
104.8981132999761,-0.1177825567569658,-11.893050400000005,2
104.96458330005407,-0.12997442439996768,-11.901689800000005,2
105.0147601000499,-0.17217917445351041,-11.910329200000005,2
105.08142449997831,-0.09817833816892164,-11.916874200000004,2
105.13146980002057,-0.07846890710384716,-11.920801200000003,2
105.19768950005528,0.019767531404006857,-11.919492200000004,1
105.24771220004186,0.026168119680686146,-11.918183200000005,1
105.29779129999224,0.02613864868372202,-11.916874200000006,1
105.36482070002239,0.01562299527563951,-11.915827000000005,1
105.43108789995313,-0.0039506724333251385,-11.916088800000006,2
105.48114819999319,0.0,-11.916088800000006,0
105.54773490002844,0.003931716091372168,-11.915827000000005,1
105.59834929998033,-0.04137952839490487,-11.917921400000006,2
105.66422020003665,-0.08346325912199379,-11.923419200000007,2
105.71423310006503,-0.19891667938382276,-11.933367600000008,2
105.7642504000105,-0.2774120157451187,-11.947243000000007,2
105.81435670005158,-0.3030437287836282,-11.962427400000008,2
105.881173199974,-0.22725524410331918,-11.977611800000009,2
105.94822649995331,-0.20302654760021174,-11.991225400000008,2
106.01425190002192,-0.12688450189312506,-11.999603000000008,2
106.08096679998562,-0.1569664348698416,-12.010075000000008,2
106.1310934999492,-0.27158380683128647,-12.023688600000007,2
106.19761859998107,-0.25973354405664795,-12.040967400000007,2
106.26422979997005,-0.2515372790577417,-12.057722600000007,2
106.31426769995596,-0.26683374010020067,-12.071074400000008,2
106.38087860005908,-0.15328121950303145,-12.081284600000007,2
106.43090280005708,-0.23550601509808344,-12.093065600000006,2
106.49754480004776,-0.22785030464457426,-12.108250000000007,2
106.5475632000016,-0.40825776152064636,-12.128670400000008,2
106.59798550000414,-0.4049874757591835,-12.149090800000009,2
106.66430169995874,-0.24476070720445903,-12.165322400000008,2
106.71444849995896,-0.28713696586694815,-12.179721400000007,2
106.78088059998117,-0.2167476264514545,-12.194120400000006,2
106.8309163999511,-0.6121736840105441,-12.224751000000007,2
106.89756599999964,-0.2749603896595151,-12.243077000000007,2
106.94757179997396,-0.3350651326167403,-12.259832200000007,2
107.01424170006067,-0.14921876269593154,-12.269780600000008,2
107.08083590003662,-0.15725093181961028,-12.280252600000008,2
107.14778520003892,-0.18990997469437382,-12.292819000000009,2
107.21429899998475,-0.22828946793549373,-12.30800340000001,2
107.2809239999624,-0.21219061920814752,-12.32214060000001,2
107.34756889997516,-0.18462928142504348,-12.33444520000001,2
107.41408969997428,-0.1338107779839846,-12.34334640000001,2
107.4646959999809,-0.19658421972557763,-12.353294800000011,2
107.53136619995348,-0.17277884279240271,-12.364814000000012,2
107.5814142000163,-0.2824728257324215,-12.378951200000012,2
107.63144689996261,-0.3034895181809718,-12.394135600000013,2
107.6978606999619,-0.16950392840225592,-12.405393000000013,2
107.74804800003767,-0.2243077428553172,-12.416650400000012,2
107.7980966999894,-0.15692715310437172,-12.424504400000012,2
107.86472660000436,-0.09822917336707038,-12.431049400000012,2
107.93142100004479,-0.12168637839278676,-12.439165200000012,2
107.99790179997217,-0.14964320541972506,-12.449113600000013,2
108.06512130005285,-0.16357753310872863,-12.460109200000012,2
108.13137439999264,-0.10669085682668877,-12.467177800000012,2
108.1814158000052,-0.07324335448408817,-12.470843000000013,2
108.23144580004737,-0.010465720558837849,-12.471366600000012,2
108.29798090003897,0.03147812207788826,-12.469272200000011,1
108.34804820001591,0.052289618198016294,-12.466654200000011,1
108.41471050004475,0.003927257233649978,-12.46639240000001,1
108.48132599995006,0.0039300162930869095,-12.46613060000001,1
108.53139520005789,0.005228763380205677,-12.46586880000001,1
108.58143649995327,-0.015695035933158432,-12.46665420000001,2
108.63174390001222,-0.015612017299236182,-12.46743960000001,2
108.6979427000042,-0.0158190178693098,-12.46848680000001,2
108.74803440005053,-0.015679244251516452,-12.46927220000001,2
108.8147164999973,0.015704364452167403,-12.46822500000001,1
108.86476310004946,0.04184899669143044,-12.466130600000008,1
108.93131789995823,0.055070408220353105,-12.462465400000008,1
108.99790029996075,0.0668434901690502,-12.458014800000008,1
109.06456700002309,0.015707992131314925,-12.456967600000008,1
109.11483199999202,-0.05208395507049025,-12.459585600000008,2
109.18135139998049,-0.09839234871533649,-12.466130600000007,2
109.23160329996608,-0.22401939037581972,-12.477388000000007,2
109.2979953000322,-0.24053801638896974,-12.493357800000007,2
109.34801219997462,-0.34545923517633836,-12.510636600000007,2
109.4143559000222,-0.20125196500080567,-12.523988400000007,2
109.46459810005035,-0.21885188136345626,-12.534984000000007,2
109.51473779999651,-0.15664234146662215,-12.542838000000007,2
109.58144360000733,-0.12559027848614024,-12.551215600000006,2
109.64853470004164,-0.16779274738741867,-12.562473000000006,2
109.7146509999875,-0.261339488358372,-12.579751800000006,2
109.76477280003019,-0.3708526027430924,-12.598339600000006,2
109.83141250000335,-0.24750111430035618,-12.614833000000006,2
109.89801869995426,-0.20438938131935538,-12.628446600000006,2
109.96471740002744,-0.18448035698597762,-12.640751200000006,2
110.03137350000907,-0.4595318359226291,-12.671381800000006,2
110.09816369996406,-0.27830130786440554,-12.689969600000007,2
110.16438069997821,-0.21349804426324492,-12.704106800000007,2
110.23108100006357,-0.18447593165628107,-12.716411400000007,2
110.2811002000235,-0.2459975371428611,-12.728716000000007,2
110.34771070000716,-0.20044587569942582,-12.742067800000008,2
110.39788489998318,-0.30263362459700466,-12.757252200000009,2
110.46423000004143,-0.22097788664316817,-12.771913000000009,2
110.51435079996008,-0.24027549479545898,-12.783955800000008,2
110.56440090003889,-0.183076557001333,-12.793118800000007,2
110.63124689995311,-0.14882565916832793,-12.803067200000008,2
110.69757700001355,-0.17761167236692005,-12.814848200000007,2
110.74771809997037,-0.2819483420223153,-12.828985400000008,2
110.79773310001474,-0.3193002096537683,-12.844955200000008,2
110.86428089998662,-0.2242388179068918,-12.859877800000008,2
110.91454330005217,-0.2552245810639833,-12.872706000000008,2
110.98087590001523,-0.14997753752363008,-12.882654400000009,2
111.03090200002771,-0.20933072930707888,-12.893126400000009,2
111.08093589998316,-0.24069281048893862,-12.905169200000008,2
111.14761750004254,-0.21201050945703553,-12.919306400000009,2
111.21421710005961,-0.20834059058077622,-12.933181800000009,2
111.26437590003479,-0.22965461705025292,-12.94470100000001,2
111.33105699997395,-0.11385834977118157,-12.952293200000009,2
111.38107550004497,-0.09944720439312187,-12.957267400000008,2
111.44770360004622,-0.09037328094132573,-12.963288800000008,2
111.51426490000449,-0.1455290086893354,-12.972975400000008,2
111.56434140005149,-0.18298004036624474,-12.982138400000007,2
111.6309118999634,-0.10618216791753386,-12.989207000000007,2
111.68092780001462,-0.11515538047104215,-12.994966600000007,2
111.74756829999387,-0.07464229712484544,-12.999940800000006,2
111.81421410001349,-0.0392822953468861,-13.002558800000006,2
111.86424769996665,0.0,-13.002558800000006,0
111.91426800005138,0.03140325022719494,-13.000988000000007,1
111.98086700006388,0.015723959816264777,-12.999940800000006,1
112.03090709995013,0.0,-12.999940800000006,0
112.08091130002867,-0.01570668061415416,-13.000726200000006,2
112.14761750004254,-0.01588317553069631,-13.001773400000006,2
112.19779530004598,-0.010434893517932482,-13.002297000000006,2
112.2642019999912,0.04730847945450704,-12.999155400000006,1
112.33094929996878,0.06275609652236276,-12.994966600000007,1
112.39788409997709,0.03129015100874165,-12.992872200000006,1
112.46419490000699,-0.12239031947044816,-13.000988000000007,2
112.51423960004468,-0.25633483646298705,-13.013816200000006,2
112.58161540003493,-0.23702575705681922,-13.029786000000007,2
112.6479761999799,-0.2643217082155185,-13.047326600000007,2
112.71469649998471,-0.20796369319379746,-13.061202000000007,2
112.78129900002386,-0.13757741818420416,-13.070365000000006,2
112.83136790001299,-0.08366071555216013,-13.074553800000006,2
112.89804650004953,-0.04711556628781105,-13.077695400000005,2
112.9480563000543,-0.13087434861517858,-13.084240400000004,2
113.01475219998974,-0.227666168605541,-13.099424800000005,2
113.08145489997696,-0.29044101668616834,-13.118798000000005,2
113.14818629994988,-0.3138552466829443,-13.139742000000005,2
113.21467150002718,-0.5000902450672537,-13.172990600000006,2
113.28130230004899,-0.18859746537466535,-13.185557000000006,2
113.33131499995943,-0.25126417934851214,-13.198123400000007,2
113.38141220004763,-0.28742125257796036,-13.212522400000006,2
113.44802180002443,-0.26333441435032273,-13.230063000000007,2
113.51467089995276,-0.24353817257029928,-13.246294600000006,2
113.58168399997521,-0.19533494190859269,-13.259384600000006,2
113.6478858999908,-0.18981932538252894,-13.271951000000007,2
113.69802470004652,-0.2871827802819014,-13.286350000000006,2
113.74803260003682,-0.3507565805282861,-13.303890600000006,2
113.81467029999476,-0.26715207774633903,-13.321693000000007,2
113.88131119997706,-0.2199970289100718,-13.336353800000007,2
113.93144179997034,-0.235006163931391,-13.348134800000006,2
113.99794909998309,-0.20469331934075194,-13.361748400000005,2
114.06464270001743,-0.26300274675483354,-13.379289000000005,2
114.1146833000239,-0.3348321162782642,-13.396044200000006,2
114.16469899995718,-0.26695217737250987,-13.409396000000006,2
114.23136430000886,-0.16101030058634275,-13.420129800000007,2
114.29799540003296,-0.13358926982716696,-13.429031000000007,2
114.36454920005053,-0.14554540833795124,-13.438717600000007,2
114.41470169997774,-0.18792283562493017,-13.448142400000007,2
114.48133720003534,-0.1335804487443736,-13.457043600000008,2
114.53135429997928,-0.1517920872763307,-13.464635800000007,2
114.58147259999532,-0.13059102160100333,-13.471180800000006,2
114.64803010004107,-0.07866882013899518,-13.476416800000006,2
114.69806660001632,-0.06801834664062255,-13.479820200000006,2
114.76466700003948,0.06289451712817362,-13.475631400000006,1
114.83141270000488,0.10982580156924743,-13.468301000000006,1
114.89797879999969,0.11405505205489391,-13.460708800000006,1
114.94801609998103,0.10987403401163064,-13.455211000000006,1
115.01471729995683,-0.003924966868587068,-13.455472800000006,2
115.08127780002542,-0.06686548321322246,-13.459923400000006,2
115.14779910002835,-0.10232511991948333,-13.466730200000006,2
115.19780510000419,-0.13088429394797538,-13.473275200000005,2
115.24795780004933,-0.093961042890174,-13.477987600000006,2
115.31453450000845,0.003932306650236127,-13.477725800000005,1
115.38102520001121,0.02362435648797206,-13.476155000000006,1
115.43104679998942,0.01570121708106403,-13.475369600000006,1
115.48105259996373,-0.005235392697136567,-13.475631400000006,2
115.53107799997088,-0.005233341461789711,-13.475893200000007,2
115.59763690002728,-0.00786671654063188,-13.476416800000006,2
115.64771110005677,0.0,-13.476416800000006,0
115.71447440003976,0.0,-13.476416800000006,0
115.78107789997011,-0.0039307243654427655,-13.476678600000007,2
115.84770739998203,0.003929190523014426,-13.476416800000006,1
115.9143004999496,0.0,-13.476416800000006,0
115.96432170004118,0.0,-13.476416800000006,0
116.01436639996246,0.010462646410582858,-13.475893200000007,1
116.08090810000431,0.007868749966872954,-13.475369600000008,1
116.13180630002171,0.015430801083957836,-13.474584200000008,1
116.1975487000309,0.01991104674939028,-13.473275200000009,1
116.24763090000488,0.05750146761715478,-13.470395400000008,1
116.29763489996549,0.04188464926105687,-13.468301000000007,1
116.36421709996648,0.003931981820908471,-13.468039200000007,1
116.41422589996364,-0.047115707638133414,-13.470395400000006,2
116.48081840004306,-0.01179412094550097,-13.471180800000006,2
116.53087040001992,0.0,-13.471180800000006,0
116.58094110002276,0.0,-13.471180800000006,0
116.64751729997806,0.0,-13.471180800000006,0
116.71416089998093,-0.003928359212118719,-13.471442600000007,2
116.76421319996007,0.0,-13.471442600000007,0
116.81421480001882,-0.005235832447209658,-13.471704400000007,2
116.86425099999178,-0.005232211881426922,-13.471966200000008,2
116.93096500006504,-0.0039242138038868305,-13.472228000000008,2
116.99749770003837,0.0,-13.472228000000008,0
117.06419149995781,-0.00785080473195997,-13.472751600000008,2
117.14757859997917,-0.003950106145717316,-13.473013400000008,2
117.21420100005344,-0.0039296092561685566,-13.473275200000009,2
117.28084430005401,0.0,-13.473275200000009,0
117.33088659995701,-0.010463148196924347,-13.473798800000008,2
117.397479700041,0.0,-13.473798800000008,0
117.46413910004776,-0.003927428089263714,-13.474060600000008,2
117.51417019998189,0.0,-13.474060600000008,0
117.56417380005587,0.005235623027395578,-13.473798800000008,1
117.6143498000456,-0.010435267859278098,-13.474322400000007,2
117.66437200002838,0.0,-13.474322400000007,0
117.73108769999817,0.0,-13.474322400000007,0
117.7974666999653,-0.003944018441519873,-13.474584200000008,2
117.84830239997245,0.0,-13.474584200000008,0
117.91466220002621,0.0,-13.474584200000008,0
117.98120969999582,0.0,-13.474584200000008,0
118.03130430006422,-0.005226112188589317,-13.474846000000008,2
118.09784129995387,0.0,-13.474846000000008,0
118.14806449995376,-0.005212730371632374,-13.475107800000009,2
118.21452759997919,0.003939027819945643,-13.474846000000008,1
118.26457050000317,-0.005231511360743248,-13.475107800000009,2
118.31469779997133,0.0,-13.475107800000009,0
118.38128309999593,-0.003931798758934514,-13.47536960000001,2
118.43132600001991,0.0,-13.47536960000001,0
118.49782649998087,0.003936812507479913,-13.475107800000009,1
118.54802109999582,-0.00521570049212543,-13.47536960000001,2
118.59811080002692,0.0,-13.47536960000001,0
118.66451839997899,-0.003942319857801636,-13.47563140000001,2
118.71452899998985,0.005234890202139664,-13.47536960000001,1
118.78119550005067,0.0,-13.47536960000001,0
118.83130560000427,0.0,-13.47536960000001,0
118.88133550004568,0.0,-13.47536960000001,0
118.93136909999885,0.0,-13.47536960000001,0
118.99792949995026,0.0,-13.47536960000001,0
119.047968900064,0.0,-13.47536960000001,0
119.11455449997447,0.0,-13.47536960000001,0
119.16464019997511,0.0,-13.47536960000001,0
119.23136119998526,0.0,-13.47536960000001,0
119.28141319996212,-0.005230560219792277,-13.47563140000001,2
119.33145699999295,0.0,-13.47563140000001,0
119.39787370001432,0.00394177970172846,-13.47536960000001,1
119.44799040001817,0.0,-13.47536960000001,0
119.51448699994944,0.0,-13.47536960000001,0
119.56456269999035,0.0,-13.47536960000001,0
119.61477270000614,0.0,-13.47536960000001,0
119.68126630003098,0.0,-13.47536960000001,0
119.73138340003788,0.0,-13.47536960000001,0
119.7979719999712,0.0,-13.47536960000001,0
119.84798810002394,0.0,-13.47536960000001,0
119.89800769998692,0.0,-13.47536960000001,0
119.96447660005651,0.0,-13.47536960000001,0
120.01470119995065,0.0,-13.47536960000001,0
120.0813565000426,-0.003927669662260054,-13.47563140000001,2
120.13144889997784,0.005226341727257389,-13.47536960000001,1
120.19797910004854,0.0,-13.47536960000001,0
120.2480553999776,0.0,-13.47536960000001,0
120.29808840004262,-0.005232546512498001,-13.47563140000001,2
120.36470559996087,0.0,-13.47563140000001,0
120.43125050002709,0.0,-13.47563140000001,0
120.48135000001639,-0.005225601055018691,-13.47589320000001,2
120.54801559995394,0.0,-13.47589320000001,0
120.59808120003436,0.00522913936074861,-13.47563140000001,1
120.66466949996538,0.0,-13.47563140000001,0
120.73132130003069,0.0,-13.47563140000001,0
120.78137199999765,0.0,-13.47563140000001,0
120.84753170004115,0.0,-13.47563140000001,0
120.91420060000382,0.0,-13.47563140000001,0
120.96421270002611,0.0,-13.47563140000001,0
121.0308807999827,0.0,-13.47563140000001,0
121.09778890002053,0.0,-13.47563140000001,0
121.16421670001,0.0,-13.47563140000001,0
121.23089180001989,0.0,-13.47563140000001,0
121.29756149998866,0.0,-13.47563140000001,0
121.34775419998914,-0.005215897929330308,-13.47589320000001,2
121.41493560001254,0.0,-13.47589320000001,0
121.48105030006263,0.0,-13.47589320000001,0
121.54747180000413,0.0,-13.47589320000001,0
121.5976934999926,0.0,-13.47589320000001,0
121.66420999995898,0.0,-13.47589320000001,0
121.73090019996744,0.0,-13.47589320000001,0
121.79762440000195,0.0,-13.47589320000001,0
121.86417219997384,-0.003934014349243716,-13.476155000000011,2
121.93090330006089,0.0,-13.476155000000011,0
121.9975258000195,0.003929603364668668,-13.47589320000001,1
122.06416249996983,0.0,-13.47589320000001,0
122.14776419999544,0.0,-13.47589320000001,0
122.21411129995249,0.0,-13.47589320000001,0
122.26412199996412,0.0,-13.47589320000001,0
122.3141291999491,0.0,-13.47589320000001,0
122.3641598999966,0.0,-13.47589320000001,0
122.4309030000586,-0.003922502846837428,-13.476155000000011,2
122.4974513000343,0.003933984791431524,-13.47589320000001,1
122.5474961999571,0.0,-13.47589320000001,0
122.59758830000646,-0.005226373015744579,-13.476155000000011,2
122.64800569997169,0.005192651746828792,-13.47589320000001,1
122.7146214999957,-0.003929998587506865,-13.476155000000011,2
122.78144679998513,-0.003917677886091072,-13.476416800000012,2
122.84798850002699,0.003934374983436477,-13.476155000000011,1
122.91463390004355,0.0,-13.476155000000011,0
122.98117030004505,0.0,-13.476155000000011,0
123.0313028000528,0.0,-13.476155000000011,0
123.09780960006174,-0.003936439581588909,-13.476416800000012,2
123.14802740002051,0.0,-13.476416800000012,0
123.21465910004918,-0.003929060790695301,-13.476678600000012,2
123.28132279997226,0.0,-13.476678600000012,0
123.33134050003719,0.0,-13.476678600000012,0
123.39797239995096,0.0,-13.476678600000012,0
123.44798920000903,0.0,-13.476678600000012,0
123.51464389998,0.0,-13.476678600000012,0
123.56472729996312,0.0,-13.476678600000012,0
123.61474780004937,0.0,-13.476678600000012,0
123.6812347000232,0.0,-13.476678600000012,0
123.7312949000625,0.0,-13.476678600000012,0
123.78132740000729,0.0,-13.476678600000012,0
123.83136349997949,0.0,-13.476678600000012,0
123.89799420000054,-0.003929119758869239,-13.476940400000013,2
123.94799440004863,0.0,-13.476940400000013,0
124.0146596999839,0.0,-13.476940400000013,0
124.08122849999927,-0.01966386655156271,-13.478249400000012,2
124.13137109996751,-0.07309553159033513,-13.481914600000012,2
124.18138600001112,-0.12562656317461063,-13.488197800000012,2
124.2313884999603,-0.18848657586275805,-13.497622600000012,2
124.29799380002078,-0.1965309065211794,-13.510712600000012,2
124.36469029996078,-0.27084179853887924,-13.528776800000012,2
124.4313197999727,-0.26718495556498095,-13.546579200000012,2
124.4978500000434,-0.22036308299719512,-13.561240000000012,2
124.54798410006333,-0.24543374659379674,-13.573544600000012,2
124.59811699995771,-0.3237714162595229,-13.589776200000012,2
124.66465839999728,-0.3147514177270954,-13.610720200000012,2
124.7313642000081,-0.2747287341884317,-13.629046200000012,2
124.79787590005435,-0.24404127377158302,-13.645277800000011,2
124.84801189997233,-0.3603039737823258,-13.66334200000001,2
124.91464920004364,-0.3850155989595298,-13.688998400000012,2
124.98128329997417,-0.36931841242934865,-13.713607600000012,2
125.03131510003004,-0.4500097932685829,-13.736122400000012,2
125.09798740001861,-0.32984012856569805,-13.758113600000012,2
125.1649154999759,-0.37551940090988156,-13.783246400000012,2
125.23120579996612,-0.35543661747613386,-13.806808400000012,2
125.29770150000695,-0.303156444516284,-13.826967000000012,2
125.36435220006388,-0.2828117331686062,-13.845816600000012,2
125.43100440001581,-0.29066107366255794,-13.865189800000012,2
125.49767139996402,-0.3102314490837531,-13.885872000000012,2
125.5477732999716,-0.3762252528776316,-13.904721600000011,2
125.59781880001538,-0.3034118949099668,-13.919906000000012,2
125.66428829997312,-0.18905513066877294,-13.932472400000012,2
125.73116870003287,-0.20355141398434937,-13.946086000000012,2
125.79766629997175,-0.2480300043183289,-13.962579400000012,2
125.86417690000962,-0.2834074566951218,-13.981429000000011,2
125.93077430000994,-0.2515894013868375,-13.998184200000011,2
125.98079179995693,-0.3349867549909121,-14.014939400000012,2
126.03081549995113,-0.5285854505577624,-14.041381200000012,2
126.08082779997494,-0.29837859872263184,-14.056303800000013,2
126.13090760004707,-0.34502533906115185,-14.073582600000012,2
126.19740990002174,-0.29918965220116794,-14.093479400000012,2
126.24748050002381,-0.376460437846155,-14.112329000000011,2
126.29750230000354,-0.30355564985971384,-14.127513400000012,2
126.34758930001408,-0.2561183540100577,-14.140341600000012,2
126.41413619997911,-0.19276931016682336,-14.153169800000011,2
126.46420170005877,-0.30329068871461656,-14.168354200000012,2
126.53077119996306,-0.3618113405482844,-14.192439800000011,2
126.5810913000023,-0.4578369276299687,-14.215478200000012,2
126.64755870006047,-0.3347957040673179,-14.237731200000011,2
126.7141267999541,-0.31069235914872867,-14.258413400000011,2
126.76435930002481,-0.4325765185769022,-14.28014280000001,2
126.83082420006394,-0.389953193110027,-14.30606100000001,2
126.88083489995915,-0.47113917720348664,-14.32962300000001,2
126.94749309995677,-0.3416923949463628,-14.35239960000001,2
127.01410689996555,-0.34978037579193033,-14.37569980000001,2
127.06422489997931,-0.5223672132330796,-14.40187980000001,2
127.14751949999481,-0.3635551287029442,-14.42596540000001,2
127.21414940000977,-0.3143333547746252,-14.44690940000001,2
127.28077890002169,-0.3496979565482839,-14.47020960000001,2
127.33081149996724,-0.4918633056603226,-14.49481880000001,2
127.39749430003576,-0.33371424081073225,-14.517071800000009,2
127.46417199994903,-0.2944762645613106,-14.536706800000008,2
127.53081390005536,-0.33784750981102873,-14.559221600000008,2
127.58108410006389,-0.505162103904356,-14.584616200000008,2
127.63129259995185,-0.4849258602493996,-14.608963600000008,2
127.69784399995115,-0.342240734233092,-14.631740200000008,2
127.7479614999611,-0.42834538825239593,-14.653207800000008,2
127.79797469999176,-0.47111562518604283,-14.676769800000008,2
127.86464110005181,-0.38484753904346064,-14.702426200000009,2
127.93129700003192,-0.32599364807144593,-14.724155600000008,2
127.99795410002116,-0.30634996126887387,-14.74457600000001,2
128.06463649997022,-0.30623372907393687,-14.76499640000001,2
128.13111660000868,-0.3150416438585842,-14.78594040000001,2
128.18133389996365,-0.4066407397114695,-14.80636080000001,2
128.24793549999595,-0.29874357358307696,-14.82625760000001,2
128.31466789997648,-0.3177736752489741,-14.847463400000011,2
128.3811568999663,-0.362249394692197,-14.87154900000001,2
128.4313234000001,-0.45402011271763515,-14.89432560000001,2
128.4979508999968,-0.3418498367961188,-14.917102200000011,2
128.56457839999348,-0.3418498367961188,-14.939878800000011,2
128.61474320001435,-0.4331603034590317,-14.961608200000011,2
128.68118469999172,-0.27582158750541647,-14.979934200000011,2
128.7311910999706,-0.3088844629191971,-14.99538040000001,2
128.79792429995723,-0.23538508573164915,-15.01108840000001,2
128.84794979996514,-0.3767998320260941,-15.02993800000001,2
128.89795749995392,-0.42405069628790826,-15.05114380000001,2
128.96461100003216,-0.28672762837007376,-15.07025520000001,2
129.03120099997614,-0.24768583892292284,-15.08674860000001,2
129.09798279998358,-0.23521378576570595,-15.10245660000001,2
129.14805960003287,-0.31890615982417947,-15.118426400000011,2
129.21448379999492,-0.24042141281524304,-15.134396200000012,2
129.28101489995606,-0.03935001828512036,-15.137014200000012,2
129.33133740001358,0.020809776914959575,-15.135967000000011,1
129.39805349998642,0.03924090288649836,-15.133349000000011,1
129.4645343000302,0.01575191633238769,-15.132301800000011,1
129.53100920002908,-0.07876657204582962,-15.137537800000011,2
129.58121259999461,-0.1825175188590739,-15.14670080000001,2
129.64783689996693,-0.188615865460819,-15.159267200000011,2
129.69804549997207,-0.31285476986798094,-15.174975200000011,2
129.764590100036,-0.2557232289870306,-15.19199220000001,2
129.81471179996151,-0.30295061864554,-15.207176600000011,2
129.86471660004463,-0.23036188487611814,-15.218695800000011,2
129.93117039999925,-0.059093686180202415,-15.22262280000001,2
129.99783929996192,-0.08639110594631441,-15.22838240000001,2
130.04784440004732,-0.18324130907349817,-15.237545400000009,2
130.09794410003815,-0.24037668892639533,-15.249588200000009,2
130.16430860001128,-0.2327479300869168,-15.265034400000008,2
130.2309557000408,-0.27889885669097064,-15.283622200000009,2
130.28121729998384,-0.3229423659094461,-15.299853800000008,2
130.34764040005393,-0.1891871952188114,-15.312420200000009,2
130.41429670003708,-0.14139398680068216,-15.321845000000009,2
130.48093880002853,-0.14928101007137728,-15.33179340000001,2
130.53094510000665,-0.19894293327745607,-15.34174180000001,2
130.59778990002815,-0.14099526061815856,-15.35116660000001,2
130.6643066999968,-0.09839619469191264,-15.357711600000009,2
130.73097180004697,-0.07854184567427988,-15.362947600000009,2
130.79756300000008,-0.06290320647397243,-15.367136400000009,2
130.8641480000224,-0.0747045130034243,-15.372110600000008,2
130.91422919998877,-0.15682531579263015,-15.379964600000008,2
130.9808059000643,-0.20841225209808723,-15.393840000000008,2
131.0474595000269,-0.2474495002408956,-15.410333400000008,2
131.09746990003623,-0.36644377962537494,-15.428659400000008,2
131.1475242000306,-0.33997079175841866,-15.445676400000007,2
131.21413099998608,-0.20831806976576508,-15.459551800000007,2
131.26413130003493,-0.2251466489001362,-15.470809200000007,2
131.31415860005654,-0.2668902777929689,-15.484161000000007,2
131.38076400000136,-0.3026571421641604,-15.504319600000008,2
131.43084000004455,-0.4234723217052041,-15.525525400000008,2
131.49742839997634,-0.28307633190329057,-15.544375000000008,2
131.54744200001005,-0.2879016905460801,-15.558774000000007,2
131.597624200047,-0.2765004322206929,-15.572649400000007,2
131.66409610002302,-0.24418739355810487,-15.588881000000006,2
131.71411770000122,-0.40823164410766477,-15.609301400000007,2
131.7641190000577,-0.4607560198231531,-15.632339800000008,2
131.8308418999659,-0.255039874217288,-15.649356800000007,2
131.8974634000333,-0.20434244179768832,-15.662970400000006,2
131.94747620006092,-0.2879062958292494,-15.677369400000005,2
132.01408470002934,-0.251547475291333,-15.694124600000006,2
132.06409210001584,-0.38217143873026904,-15.713236000000006,2
132.14750149997417,-0.24490768961209336,-15.729467600000005,2
132.2140540999826,-0.2242226449170815,-15.744390200000005,2
132.26408210000955,-0.2825857518267125,-15.758527400000006,2
132.31409260001965,-0.3140940401880947,-15.774235400000006,2
132.3808565000072,-0.27056837607397,-15.792299600000005,2
132.4474452000577,-0.6211924841397588,-15.833664000000006,2
132.51403690001462,-0.27126804108751146,-15.851728200000005,2
132.56404680002015,-0.31409780859913117,-15.867436200000006,2
132.61455840000417,-0.3265269760850557,-15.883929600000005,2
132.68086920003407,-0.32374213537344354,-15.905397200000005,2
132.73087169998325,-0.4136233192543857,-15.926079400000004,2
132.78095519996714,-0.3711362026611775,-15.944667200000005,2
132.84758040006272,-0.2554138670590991,-15.961684200000004,2
132.91419709997717,-0.27116623944444596,-15.979748400000004,2
132.96428900002502,-0.38675314734508687,-15.999121600000004,2
133.0308601000579,-0.2556214331983854,-16.016138600000005,2
133.08086450002156,-0.3088968173046169,-16.031584800000005,2
133.14774679997936,-0.2309460052920822,-16.047031000000004,2
133.2141937999986,-0.27579875682408894,-16.065357000000002,2
133.26430929999333,-0.40224281913030563,-16.0855156,2
133.33084840001538,-0.24394078060298133,-16.101747200000002,2
133.38103289995342,-0.2660542601098838,-16.115099,2
133.44764450006187,-0.19258207247859976,-16.127927200000002,2
133.51418329996523,-0.1927927768254365,-16.140755400000003,2
133.5642495000502,-0.2562247579849263,-16.153583600000005,2
133.61433819995727,-0.24042947855193783,-16.165626400000004,2
133.68089610000607,-0.11800252102669072,-16.173480400000003,2
133.73089700005949,-0.09948220921394901,-16.178454600000002,2
133.78107829997316,-0.09912457446413245,-16.1834288,2
133.84753959998488,-0.0827218245660279,-16.188926600000002,2
133.91422130004503,-0.1020789810976708,-16.1957334,2
133.96429449995048,-0.1777637541999843,-16.204634600000002,2
134.01447759999428,-0.20345893320837719,-16.2148448,2
134.08089480001945,-0.16161175111164072,-16.225578600000002,2
134.14763510006014,-0.11768002234349192,-16.2334326,2
134.2141869000625,-0.06687422428609369,-16.2378832,2
134.26427879999392,-0.010452787790376072,-16.2384068,2
134.31431329995394,0.020929558621286513,-16.2373596,1
134.38086949998979,0.0,-16.2373596,0
134.44755519996397,0.003925879163019056,-16.2370978,1
134.5142064000247,0.011783733815510336,-16.2363124,1
134.56426080001984,0.010460618847711867,-16.235788799999998,1
134.61427000002004,0.005235036753216034,-16.235526999999998,1
134.68095690000337,-0.011777425554290259,-16.2363124,2
134.73098959994968,-0.02616288949835964,-16.2376214,2
134.78127719997428,-0.02082421908159577,-16.238668599999997,2
134.8475819999585,-0.019742160451607482,-16.239977599999996,2
134.89759339997545,-0.005234806462351353,-16.240239399999997,2
134.96421440003905,0.01571876734063131,-16.239192199999998,1
135.0308610999491,0.007856352988319937,-16.238668599999997,1
135.0809146000538,0.0,-16.238668599999997,0
135.14769799995702,-0.007840271695643185,-16.239192199999998,2
135.21426350006368,0.007865936546123735,-16.238668599999997,1
135.26430340006482,0.010463650007056123,-16.238144999999996,1
135.33094779995736,0.0,-16.238144999999996,0
135.3811616000021,0.0,-16.238144999999996,0
135.447535000043,-0.003944351198502222,-16.238406799999996,2
135.49756090005394,0.0,-16.238406799999996,0
135.54760729998816,0.005231145503854797,-16.238144999999996,1
135.59768889995757,0.005227468774158023,-16.237883199999995,1
135.66420050000306,-0.003936155494995685,-16.238144999999996,2
135.7308923000237,0.003925520077715647,-16.237883199999995,1
135.79754880000837,0.0,-16.237883199999995,0
135.8641109999735,0.0,-16.237883199999995,0
135.93072709999979,0.0,-16.237883199999995,0
135.99747289996594,0.0,-16.237883199999995,0
136.06407740002032,0.0,-16.237883199999995,0
136.11413620004896,0.0,-16.237883199999995,0
136.1642925000051,0.0,-16.237883199999995,0
136.23074180004187,0.0,-16.237883199999995,0
136.29740320006385,0.0,-16.237883199999995,0
136.36410100001376,0.0,-16.237883199999995,0
136.43073240004014,0.0,-16.237883199999995,0
136.48079639999196,0.0,-16.237883199999995,0
136.54739099997096,0.0,-16.237883199999995,0
136.59750759997405,0.0,-16.237883199999995,0
136.66416689998005,0.0,-16.237883199999995,0
136.7307455999544,0.0,-16.237883199999995,0
136.7807636000216,0.0,-16.237883199999995,0
136.84740800003055,0.0,-16.237883199999995,0
136.89745120005682,0.0,-16.237883199999995,0
136.96408119995613,0.0,-16.237883199999995,0
137.01428780006245,0.0,-16.237883199999995,0
137.0808044000296,0.0,-16.237883199999995,0
137.1474753000075,0.0,-16.237883199999995,0
137.21401830005925,0.0,-16.237883199999995,0
137.26404100004584,0.0,-16.237883199999995,0
137.33079989999533,0.0,-16.237883199999995,0
137.39736189995892,-0.003933175087034366,-16.238144999999996,2
137.44739950005896,0.0,-16.238144999999996,0
137.51402590004727,0.003929373342187783,-16.237883199999995,1
137.56403440004215,0.0,-16.237883199999995,0
137.6142119000433,-0.005217477953145826,-16.238144999999996,2
137.68083790002856,0.0,-16.238144999999996,0
137.74754899996333,0.0,-16.238144999999996,0
137.81411280005705,0.0,-16.238144999999996,0
137.8641996999504,0.0,-16.238144999999996,0
137.91420140000992,-0.005235821975821067,-16.238406799999996,2
137.98084329999983,0.0,-16.238406799999996,0
138.0475308999885,0.0,-16.238406799999996,0
138.11412669997662,-0.003931178843810582,-16.238668599999997,2
138.16418990003876,0.0052293900444846,-16.238406799999996,1
138.23084930004552,-0.003927428089263714,-16.238668599999997,2
138.28090889996383,0.0,-16.238668599999997,0
138.34752599999774,0.00392992189492998,-16.238406799999996,1
138.41415319999214,-0.003929326161417615,-16.238668599999997,2
138.46422189997975,0.0,-16.238668599999997,0
138.53080720000435,-0.003931798758934514,-16.238930399999997,2
138.58093599998392,0.0,-16.238930399999997,0
138.6309981000377,0.0,-16.238930399999997,0
138.6813665999798,0.00519769300854348,-16.238668599999997,1
138.74760200001765,-0.003952569167702388,-16.238930399999997,2
138.7977292999858,-0.005222703001484744,-16.239192199999998,2
138.86419500003103,0.0,-16.239192199999998,0
138.9142088999506,0.0,-16.239192199999998,0
138.9809752999572,0.0,-16.239192199999998,0
139.03097570000682,0.0,-16.239192199999998,0
139.0975295000244,0.0,-16.239192199999998,0
139.14760490006302,0.0,-16.239192199999998,0
139.21415080002043,0.003934126672980924,-16.238930399999997,1
139.26425590005238,-0.005225017010905115,-16.239192199999998,2
139.3308565999614,0.00393088962064344,-16.238930399999997,1
139.38097249995917,0.0,-16.238930399999997,0
139.44749910000246,0.0,-16.238930399999997,0
139.49754280003253,0.0,-16.238930399999997,0
139.56426080001984,0.0,-16.238930399999997,0
139.61440580000635,0.0,-16.238930399999997,0
139.68084569997154,0.0,-16.238930399999997,0
139.73088619997725,0.0,-16.238930399999997,0
139.78091980004683,0.0,-16.238930399999997,0
139.84749600000214,0.0,-16.238930399999997,0
139.897523200023,-0.005233153162497408,-16.239192199999998,2
139.96418859995902,0.003927074618186099,-16.238930399999997,1
140.03085630002897,-0.003926939128322789,-16.239192199999998,2
140.08087219996378,0.0052343354881397245,-16.238930399999997,1
140.14768609998282,0.0,-16.238930399999997,0
140.2142046999652,0.0,-16.238930399999997,0
140.26432009995915,0.0,-16.238930399999997,0
140.3310120999813,0.0,-16.238930399999997,0
140.39740919996984,0.0,-16.238930399999997,0
140.44750979996752,-0.005225486321763398,-16.239192199999998,2
140.49754710006528,0.0,-16.239192199999998,0
140.54754940001294,0.005235759160558974,-16.238930399999997,1
140.59769640001468,-0.005220651285039945,-16.239192199999998,2
140.66414520004764,0.003939875511222897,-16.238930399999997,1
140.71418600005563,0.0,-16.238930399999997,0
140.7808407000266,0.0,-16.238930399999997,0
140.84753629995976,0.003925296425287229,-16.238668599999997,1
140.91405040002428,0.0,-16.238668599999997,0
140.96408780000638,-0.0052320864012447245,-16.238930399999997,2
141.0141553999856,0.0,-16.238930399999997,0
141.0641980000073,0.0,-16.238930399999997,0
141.13079630001448,0.0,-16.238930399999997,0
141.19740599999204,0.0,-16.238930399999997,0
141.26408059999812,0.0,-16.238930399999997,0
141.3140927000204,0.0,-16.238930399999997,0
141.3807788999984,0.00392584972732578,-16.238668599999997,1
141.44736019999254,0.003932034971126102,-16.238406799999996,1
141.497405000031,-0.00523131273976235,-16.238668599999997,2
141.54740829998627,0.0,-16.238668599999997,0
141.59744120005053,0.0,-16.238668599999997,0
141.64755080000032,-0.0052245477964764035,-16.238930399999997,2
141.71407390001696,0.0039354750445261735,-16.238668599999997,1
141.76407949998975,0.0,-16.238668599999997,0
141.83071300003212,-0.003928954652442458,-16.238930399999997,2
141.88071539998055,0.005235748689463519,-16.238668599999997,1
141.93075800000224,0.0,-16.238668599999997,0
141.98079429997597,0.0,-16.238668599999997,0
142.0473803000059,0.0,-16.238668599999997,0
142.147375700064,0.0,-16.238668599999997,0
142.2140179000562,0.0,-16.238668599999997,0
142.26411650003865,0.0,-16.238668599999997,0
142.33069299999624,0.0,-16.238668599999997,0
142.38073380000424,0.0,-16.238668599999997,0
142.44736790005118,0.0,-16.238668599999997,0
142.51398970000446,0.0,-16.238668599999997,0
142.5640127999941,0.0,-16.238668599999997,0
142.61425159999635,0.0,-16.238668599999997,0
142.6642780000111,-0.005233236849398864,-16.238930399999997,2
142.73083040001802,0.003933742434124201,-16.238668599999997,1
142.78086539998185,-0.005232337367628003,-16.238930399999997,2
142.84746590000577,-0.003930901418246978,-16.239192199999998,2
142.89751110004727,0.0,-16.239192199999998,0
142.9475153000094,-0.005235560216907018,-16.239454,2
143.01411910005845,0.00393070665348212,-16.239192199999998,1
143.06419810000807,0.00522774017578981,-16.238930399999997,1
143.11425930005498,-0.005229598965959065,-16.239192199999998,2
143.16426790005062,0.0,-16.239192199999998,0
143.230888399994,0.0,-16.239192199999998,0
143.28089829999954,0.0,-16.239192199999998,0
143.34759789996315,0.0,-16.239192199999998,0
143.4141624000622,0.0,-16.239192199999998,0
143.4643301999895,-0.010436973532003157,-16.2397158,2
143.5309659000486,0.003928824935698354,-16.239454,1
143.59757610002998,0.0,-16.239454,0
143.66423420002684,0.0,-16.239454,0
143.73083660006523,-0.003930789278600947,-16.2397158,2
143.7808618999552,0.005233351935437514,-16.239454,1
143.84748140000738,0.0,-16.239454,0
143.89754370006267,0.0,-16.239454,0
143.96415310003795,0.0,-16.239454,0
144.03079320001416,0.0,-16.239454,0
144.08087700000033,0.0,-16.239454,0
144.13089769997168,0.0,-16.239454,0
144.1809352999553,0.0,-16.239454,0
144.2474569999613,0.0,-16.239454,0
144.29759620002005,0.0,-16.239454,0
144.36419810005464,0.0039308187884137865,-16.239192199999998,1
144.43084909999743,0.0,-16.239192199999998,0
144.49754480004776,0.003925290533009379,-16.238930399999997,1
144.56417410005815,-0.003929202317286439,-16.239192199999998,2
144.63083899999037,0.003927104072250567,-16.238930399999997,1
144.68087749998085,0.0,-16.238930399999997,0
144.73091990000103,0.0,-16.238930399999997,0
144.79760339995846,0.0,-16.238930399999997,0
144.86417950002942,0.0,-16.238930399999997,0
144.91424519999418,0.0,-16.238930399999997,0
144.98088439996354,0.0,-16.238930399999997,0
145.0475284999702,0.0,-16.238930399999997,0
145.09761779999826,0.0,-16.238930399999997,0
145.14764670003206,0.0,-16.238930399999997,0
145.21429230005015,0.0,-16.238930399999997,0
145.28099590004422,0.0,-16.238930399999997,0
145.34751390002202,0.0,-16.238930399999997,0
145.39757789997384,0.0,-16.238930399999997,0
145.46423589996994,-0.00392751057660496,-16.239192199999998,2
145.53091239999048,0.0,-16.239192199999998,0
145.58095450000837,-0.005231594995142191,-16.239454,2
145.64759850001428,0.0039283356337673336,-16.239192199999998,1
145.7141682000365,-0.003932720140132572,-16.239454,2
145.76422470004763,0.0,-16.239454,0
145.8308609999949,-0.007857579133509476,-16.2399776,2
145.89742030005436,0.0039333346319169946,-16.2397158,1
145.96408020006493,-0.0039273986303386774,-16.2399776,2
146.03075589996297,-0.00785293593919031,-16.2405012,2
146.08079240005463,0.010464360997287774,-16.2399776,1
146.14759239996783,0.0,-16.2399776,0
146.21403210004792,0.00394041513860605,-16.2397158,1
146.2640909999609,0.0,-16.2397158,0
146.33068600005936,-0.0039312260622108835,-16.2399776,2
146.38072979997378,0.010462834574820718,-16.239454,1
146.44741999998223,0.0,-16.239454,0
146.49746430001687,0.005231365006979295,-16.239192199999998,1
146.5642283000052,-0.00784254987855075,-16.2397158,2
146.61527129996102,0.010258017758618083,-16.239192199999998,1
146.68075559998397,-0.003997904839912298,-16.239454,2
146.73081039998215,-0.010460535253742855,-16.2399776,2
146.79738610005006,0.003932365709003936,-16.2397158,1
146.8473868999863,0.01570774869605063,-16.238930399999997,1
146.89739239995833,0.010470848212553903,-16.238406799999996,1
146.94744190003257,-0.010461642957938699,-16.238930399999997,2
147.01402680005413,0.0,-16.238930399999997,0
147.08075920003466,0.0,-16.238930399999997,0
147.14738740003668,0.0,-16.238930399999997,0
147.2140003000386,0.003930169681734646,-16.238668599999997,1
147.2640434000641,0.0,-16.238668599999997,0
147.31407129997388,-0.005233079950831625,-16.238930399999997,2
147.3806920000352,0.0,-16.238930399999997,0
147.44732110004406,0.0,-16.238930399999997,0
147.49734949995764,0.005233027649340801,-16.238668599999997,1
147.547381100012,0.0,-16.238668599999997,0
147.5974924999755,0.005224360129445576,-16.238406799999996,1
147.66414769995026,0.0,-16.238406799999996,0
147.7308473000303,-0.00785012203029357,-16.238930399999997,2
147.78088590002153,0.005231960927080974,-16.238668599999997,1
147.84745460003614,-0.00786555843639813,-16.239192199999998,2
147.89752899995074,0.0,-16.239192199999998,0
147.9641540000448,-0.007858911808791934,-16.2397158,2
148.0307835000567,0.003929190523014426,-16.239454,1
148.08084830001462,0.010458445862965791,-16.238930399999997,1
148.1476274000015,0.0,-16.238930399999997,0
148.21413189999294,0.0,-16.238930399999997,0
148.2641730000032,0.0,-16.238930399999997,0
148.33080390002578,0.0,-16.238930399999997,0
148.3809554000618,0.0,-16.238930399999997,0
148.44744989997707,0.0,-16.238930399999997,0
148.49747010006104,0.0,-16.238930399999997,0
148.54748670000117,-0.00523426223120611,-16.239192199999998,2
148.59761619998608,0.005222473794449029,-16.238930399999997,1
148.66419819998555,0.0,-16.238930399999997,0
148.73082769999746,-0.003929190523014426,-16.239192199999998,2
148.78087220003363,0.005231344099967186,-16.238930399999997,1
148.847465800005,0.0,-16.238930399999997,0
148.89750590000767,0.0,-16.238930399999997,0
148.9641048000194,0.0,-16.238930399999997,0
149.0141622000374,0.0,-16.238930399999997,0
149.08086240000557,0.0,-16.238930399999997,0
149.13087940006517,0.0,-16.238930399999997,0
149.18114690005314,0.0,-16.238930399999997,0
149.24747399997432,0.0,-16.238930399999997,0
149.2975416999543,0.0,-16.238930399999997,0
149.3475644000573,0.0,-16.238930399999997,0
149.41427269997075,0.0,-16.238930399999997,0
149.4643720999593,0.0,-16.238930399999997,0
149.53081779996864,0.0,-16.238930399999997,0
149.58091290004086,-0.005226060026282273,-16.239192199999998,2
149.6475071000168,0.0,-16.239192199999998,0
149.6975703999633,-0.005229379611009264,-16.239454,2
149.76414240000304,0.0,-16.239454,0
149.81416529999115,0.005233603011065757,-16.239192199999998,1
149.88086439995095,0.0,-16.239192199999998,0
149.9308815000113,0.0,-16.239192199999998,0
149.99750920000952,0.0,-16.239192199999998,0
150.04751289996784,0.0,-16.239192199999998,0
150.09761120006442,0.0,-16.239192199999998,0
150.16421249997802,-0.003930854207644978,-16.239454,2
150.21439520001877,0.0,-16.239454,0
150.28091430000495,0.00393571169866082,-16.239192199999998,1
150.34752049995586,0.0039305650253722195,-16.238930399999997,1
150.3975924999686,0.0,-16.238930399999997,0
150.4642259000102,-0.0039289605488616215,-16.239192199999998,2
150.53082720004022,0.003930854200774067,-16.238930399999997,1
150.5809036999708,-0.005228001165475073,-16.239192199999998,2
150.6309604999842,0.0,-16.239192199999998,0
150.69753000000492,-0.003932731955603875,-16.239454,2
150.74754150002263,-0.005234795995066187,-16.2397158,2
150.7975895999698,0.005230967814490341,-16.239454,1
150.86404570005834,0.0,-16.239454,0
150.91405230003875,-0.005235308941271317,-16.2397158,2
150.98072140000295,0.0,-16.2397158,0
151.04735510004684,0.0,-16.2397158,0
151.09736600006,-0.005234858799405089,-16.2399776,2
151.1473842000123,0.0,-16.2399776,0
151.197432499961,0.0,-16.2399776,0
151.26410589995794,0.0,-16.2399776,0
151.33067379996646,0.0,-16.2399776,0
151.38078889995813,0.0,-16.2399776,0
151.4473487000214,0.0,-16.2399776,0
151.49739989999216,0.0,-16.2399776,0
151.56406130001415,0.0,-16.2399776,0
151.61407959996723,0.0,-16.2399776,0
151.6807002000278,0.0,-16.2399776,0
151.73073319997638,0.0,-16.2399776,0
151.79737389995717,0.0,-16.2399776,0
151.86404590005986,-0.0039266858590822845,-16.2402394,2
151.9307112999959,0.0,-16.2402394,0
151.98071899998467,-0.005235193781332201,-16.2405012,2
152.03072240005713,-0.00523564396862312,-16.240763,2
152.0807794999564,0.005230027319336989,-16.2405012,1
152.1475771999685,-0.003970522888476997,-16.240763,2
152.1979466000339,0.0,-16.240763,0
152.26399250002578,0.003963909947963422,-16.2405012,1
152.31399910000619,-0.005235308941271317,-16.240763,2
152.3640119000338,-0.0052346599241681726,-16.2410248,2
152.41405959997792,0.005231009622666553,-16.240763,1
152.4806615000125,0.0,-16.240763,0
152.54732270003296,0.0039273220392017855,-16.2405012,1
152.59756510006264,0.0,-16.2405012,0
152.66415690002032,0.0,-16.2405012,0
152.71415929996874,0.0,-16.2405012,0
152.7642640999984,0.0,-16.2405012,0
152.83080500003416,-0.003934422285531154,-16.240763,2
152.88082580000628,0.005233822732661912,-16.2405012,1
152.93103109998628,0.0,-16.2405012,0
152.9814699999988,-0.005190438331030226,-16.240763,2
153.04749120003544,0.003965392932190683,-16.2405012,1
153.09749229997396,0.0,-16.2405012,0
153.147750300006,0.0,-16.2405012,0
153.21426070004236,0.0,-16.2405012,0
153.28086780000012,0.0,-16.2405012,0
153.33091679995414,0.0,-16.2405012,0
153.39756780001335,-0.003927923058430161,-16.240763,2
153.46426529996097,0.0039251846052039685,-16.2405012,1
153.53081320005003,-0.0039340084307638015,-16.240763,2
153.58092550002038,0.0,-16.240763,0
153.632826999994,0.005044170209591543,-16.2405012,1
153.69749309995677,0.0,-16.2405012,0
153.74752990005072,0.0,-16.2405012,0
153.8142361000646,0.0,-16.2405012,0
153.88086649996694,0.0,-16.2405012,0
153.94750310003292,0.003928771872226282,-16.2402394,1
154.01412810001057,0.0,-16.2402394,0
154.0808454999933,-0.0039240138264942295,-16.2405012,2
154.1476018000394,0.003921727235020132,-16.2402394,1
154.21416630002204,0.0,-16.2402394,0
154.28094269998837,0.0,-16.2402394,0
154.34744160005357,0.0,-16.2402394,0
154.39760220004246,0.0,-16.2402394,0
154.46419269999024,0.0,-16.2402394,0
154.53083279996645,0.0,-16.2402394,0
154.58093699999154,0.0,-16.2402394,0
154.64747279998846,0.0,-16.2402394,0
154.7141540000448,0.0,-16.2402394,0
154.76417970005423,-0.0052333100776333075,-16.2405012,2
154.81418620003387,0.0,-16.2405012,0
154.86422310001217,0.00523213868392254,-16.2402394,1
154.91424890002236,-0.010466599232662976,-16.240763,2
154.9808270999929,0.003932218055097001,-16.2405012,1
155.04747049999423,-0.007856742002801103,-16.2410248,2
155.09759949997533,0.005222525885190545,-16.240763,1
155.1642496000277,0.003927976098975757,-16.2405012,1
155.230967600015,0.00392397853727357,-16.2402394,1
155.29769090004265,-0.003923666843388552,-16.2405012,2
155.36418180004694,0.0,-16.2405012,0
155.41430609999225,0.0,-16.2405012,0
155.48083480005153,0.0,-16.2405012,0
155.54750540002715,0.003926768322104828,-16.2402394,1
155.59756320004817,-0.005229954170779639,-16.2405012,2
155.66412029997446,0.0,-16.2405012,0
155.71420269994996,0.005227385271632885,-16.2402394,1
155.76426690001972,-0.005229285590007022,-16.2405012,2
155.83069690002594,0.0,-16.2405012,0
155.89734120003413,0.003928317950189539,-16.2402394,1
155.96400659997016,-0.003927074618186099,-16.2405012,2
156.0306573000271,0.003927940738452865,-16.2402394,1
156.09736550005618,0.0,-16.2402394,0
156.14743430004455,0.0,-16.2402394,0
156.214036499965,0.0,-16.2402394,0
156.2807288999902,0.0,-16.2402394,0
156.34744120005053,0.0,-16.2402394,0
156.41407189995516,0.0,-16.2402394,0
156.4808162000263,0.0,-16.2402394,0
156.5472926000366,0.0,-16.2402394,0
156.59755269996822,0.0,-16.2402394,0
156.66400720004458,0.0,-16.2402394,0
156.73075160000008,0.00392242645337381,-16.2399776,1
156.79736680001952,0.003930033985090401,-16.2397158,1
156.86399830004666,0.0,-16.2397158,0
156.9140361000318,-0.00523204457585478,-16.2399776,2
156.98067019996233,0.003928919281163284,-16.2397158,1
157.04731659998652,-0.003928194169602621,-16.2399776,2
157.14735910005402,0.0,-16.2399776,0
157.197376600001,-0.015702504140199,-16.240763,2
157.2639419999905,-0.06686056120301222,-16.2452136,2
157.31398620002437,-0.1726353901980845,-16.253853,2
157.38065309997182,-0.21205725796675262,-16.2679902,2
157.44731960003264,-0.25132862809228657,-16.2847454,2
157.4973534999881,-0.36627166813534134,-16.303071399999997,2
157.56392079999205,-0.25563602548082015,-16.320088399999996,2
157.61419940006454,-0.31241919976597,-16.335796399999996,2
157.6808297999669,-0.1768111855439169,-16.347577399999995,2
157.74751869996544,-0.23554144693256007,-16.363285399999995,2
157.7975218000356,-0.4031470043199471,-16.383443999999994,2
157.86413780006114,-0.36155878453777274,-16.407529599999993,2
157.9141458000522,-0.4973404256207579,-16.432400599999994,2
157.98082110006362,-0.3101928299754226,-16.453082799999994,2
158.04743350006174,-0.35764812558430614,-16.476906599999992,2
158.0974860000424,-0.5178202888968917,-16.502824799999992,2
158.14757899998222,-0.5174016335844147,-16.52874299999999,2
158.21419059997424,-0.33014069625457776,-16.55073419999999,2
158.2808681000024,-0.239508079835847,-16.56670399999999,2
158.3475137000205,-0.2356944793915267,-16.58241199999999,2
158.39755700004753,-0.3086567031282451,-16.59785819999999,2
158.46412590006366,-0.23203327674418237,-16.61330439999999,2
158.51412639999762,-0.2617973823719684,-16.626394399999988,2
158.58087379997596,-0.05098925203235548,-16.629797799999988,2
158.63187529996503,-0.025665911792408624,-16.631106799999987,2
158.69748780003283,-0.011970280040974076,-16.63189219999999,2
158.74754789995495,-0.047067425028427506,-16.63424839999999,2
158.79763170005754,-0.05749963050130889,-16.63712819999999,2
158.86416989995632,-0.06295331112611557,-16.64131699999999,2
158.9141993999947,-0.0732607760858992,-16.64498219999999,2
158.98080859996844,-0.07074698392799768,-16.64969459999999,2
159.03093550004996,-0.1357913613036097,-16.65650139999999,2
159.09762330004014,-0.13740144376257235,-16.66566439999999,2
159.16413769999053,-0.17318355136017458,-16.67718359999999,2
159.21419610001612,-0.2876440316238399,-16.69158259999999,2
159.26425210002344,-0.31380853439555756,-16.70729059999999,2
159.3308318000054,-0.18087795534169512,-16.71933339999999,2
159.38096850004513,-0.1670951616951534,-16.72771099999999,2
159.44749309995677,-0.12593236203038796,-16.736088599999988,2
159.49775590002537,-0.2291794325879089,-16.747607799999987,2
159.564345199964,-0.17298875360777682,-16.759126999999985,2
159.63081520004198,-0.2757033244847799,-16.777452999999984,2
159.68098589999136,-0.3183092923980331,-16.793422799999984,2
159.7313632000005,-0.2546424678907911,-16.806250999999985,2
159.7975116999587,-0.17018375332941432,-16.817508399999987,2
159.84762230003253,-0.2716710632070808,-16.831121999999986,2
159.89778929995373,-0.3339884790064665,-16.847877199999985,2
159.96419990004506,-0.264123497993956,-16.865417799999985,2
160.01420089998282,-0.36651267020279205,-16.883743799999984,2
160.06421009998303,-0.34027738895904225,-16.900760799999983,2
160.1142145000631,-0.30366127732131315,-16.91594519999998,2
160.1642206000397,-0.2512973418419064,-16.928511599999982,2
160.21426509995945,-0.24064182915828022,-16.940554399999982,2
160.28091099997982,-0.18462651110177938,-16.952858999999982,2
160.33092540001962,-0.2460211457142039,-16.965163599999983,2
160.397558900062,-0.18073191401235303,-16.977206399999982,2
160.46420489996672,-0.1728415811371726,-16.98872559999998,2
160.5309173000278,-0.14519939308331672,-16.99841219999998,2
160.59773869998753,-0.14496254202750666,-17.008098799999978,2
160.66408130002674,-0.1775782075625283,-17.019879799999977,2
160.71417579997797,-0.2874367448326407,-17.034278799999978,2
160.76418139995076,-0.32983105910086175,-17.05077219999998,2
160.8306607999839,-0.27172627898262275,-17.06883639999998,2
160.8806818999583,-0.3506640199631065,-17.08637699999998,2
160.93069099995773,-0.28792759718052235,-17.100775999999982,2
160.99739529995713,-0.21586314525644235,-17.115174999999983,2
161.0639625999611,-0.24777030161987182,-17.131668399999985,2
161.1140106000239,-0.40801630383571996,-17.152088799999984,2
161.1807510999497,-0.2863538634149812,-17.171200199999983,2
161.24732590001076,-0.26347206426323283,-17.188740799999984,2
161.29736099997535,-0.34010124916395423,-17.205757799999983,2
161.36398979998194,-0.27897545803261364,-17.22434559999998,2
161.41403760004323,-0.42894193098815303,-17.245813199999983,2
161.4642453000415,-0.422361510300724,-17.267018999999983,2
161.5308441000525,-0.2673081196217526,-17.284821399999984,2
161.580932199955,-0.3031538435188955,-17.300005799999983,2
161.64740410004742,-0.25600291215288923,-17.317022799999982,2
161.71407720004208,-0.2984232021848955,-17.336919599999984,2
161.78066589997616,-0.32632263464391914,-17.358648999999986,2
161.8473366999533,-0.2513124187161917,-17.375404199999984,2
161.89736149995588,-0.308770849642676,-17.390850399999984,2
161.94742670003325,-0.3451259552203461,-17.408129199999983,2
162.0139864999801,-0.3067977971133923,-17.428549599999982,2
162.08065190003254,-0.310238894294943,-17.449231799999982,2
162.14734330005012,-0.25459302801585276,-17.46598699999998,2
162.2139761999715,-0.23573940228523865,-17.48169499999998,2
162.28078150004148,-0.2664818507117474,-17.49949739999998,2
162.34726519999094,-0.30714897058262175,-17.51991779999998,2
162.3974955000449,-0.364839548645248,-17.53824379999998,2
162.46391399996355,-0.2522670644552463,-17.554998999999977,2
162.51395199995022,-0.3139214198046342,-17.570706999999977,2
162.5806164999958,-0.25919042351151633,-17.587985799999977,2
162.63096099998802,-0.37441229931607045,-17.606835399999976,2
162.69742820004467,-0.2520822298174078,-17.623590599999975,2
162.74744940001983,-0.33496197628844443,-17.640345799999974,2
162.7974979999708,-0.5701697955178741,-17.668881999999975,2
162.86408600001596,-0.2516249172318906,-17.685637199999974,2
162.9141254000133,-0.3923907960736382,-17.705272199999975,2
162.9641935999971,-0.43399602955631755,-17.727001599999976,2
163.03093250002712,-0.2981289771189914,-17.746898399999978,2
163.09751200000755,-0.23592847655233207,-17.762606399999978,2
163.1475532000186,-0.31390134522224444,-17.778314399999978,2
163.19756050000433,-0.33505508205360063,-17.795069599999977,2
163.26412940002047,-0.27136095076862005,-17.813133799999978,2
163.31418880005367,-0.3190170075831273,-17.82910359999998,2
163.38074209995102,-0.16914863751854597,-17.84036099999998,2
163.43085780006368,-0.17238909125442478,-17.84900039999998,2
163.4974826000398,-0.17682604682072828,-17.86078139999998,2
163.56411090004258,-0.22396789351339064,-17.875703999999978,2
163.614279899979,-0.37572205991516733,-17.894553599999977,2
163.68104549997952,-0.29800975352349973,-17.91445039999998,2
163.74752550001722,-0.25990974714502735,-17.931729199999978,2
163.79754389997106,-0.34021480126720527,-17.948746199999977,2
163.86410360003356,-0.2792650805599539,-17.967333999999976,2
163.9141817999771,-0.41822589517231507,-17.988277999999976,2
163.98079000005964,-0.29085307778904856,-18.007651199999977,2
164.03084699995816,-0.28765207721581765,-18.022050199999978,2
164.0808705999516,-0.28784413760482985,-18.03644919999998,2
164.14749350002967,-0.26328184422240336,-18.05398979999998,2
164.21415210003033,-0.28670569138579954,-18.07310119999998,2
164.26416769996285,-0.3559369481525376,-18.09090359999998,2
164.3141980000073,-0.3035040762599432,-18.10608799999998,2
164.38078090001363,-0.1887331431764979,-18.11865439999998,2
164.4308965000091,-0.2664200368987798,-18.132006199999978,2
164.4974650000222,-0.27136258134774977,-18.15007039999998,2
164.5641054000007,-0.26714125374014214,-18.16787279999998,2
164.61422810005024,-0.2820518444941437,-18.18200999999998,2
164.68085909995716,-0.14930587885364782,-18.19195839999998,2
164.74760390003212,-0.1921977440278999,-18.20478659999998,2
164.81416039995383,-0.2438770070405067,-18.221018199999982,2
164.88080459996127,-0.28283931681824015,-18.23986779999998,2
164.93086459999904,-0.3608509785531173,-18.257931999999983,2
164.99742659996264,-0.1887924041776496,-18.270498399999983,2
165.04743499995675,-0.2408155430171289,-18.282541199999983,2
165.0975913000293,-0.27142352965242633,-18.296154799999982,2
165.14761560002808,-0.31400739241502545,-18.311862799999982,2
165.21424510004,-0.23182224085785108,-18.327308999999982,2
165.2809112999821,-0.18849731964489252,-18.339875399999983,2
165.34748130000662,-0.07078864350705721,-18.34458779999998,2
165.39757020003162,-0.06794718986244735,-18.34799119999998,2
165.46417130006012,-0.058962990075539234,-18.351918199999982,2
165.51419230003376,-0.0942084325080136,-18.35663059999998,2
165.58093549998011,-0.0902174304624197,-18.362651999999983,2
165.64756940002553,-0.11786793200828351,-18.37050599999998,2
165.71416390000377,-0.12580017873454727,-18.37888359999998,2
165.7642351000104,-0.15162808159167285,-18.38647579999998,2
165.83066460001282,-0.09852550447861508,-18.39302079999998,2
165.89727730001323,-0.04323199630074261,-18.39590059999998,2
165.9473029000219,-0.05756652592874646,-18.39878039999998,2
166.01394540001638,-0.007856848108088956,-18.39930399999998,2
166.06402789999265,-0.052273748340048144,-18.401921999999978,2
166.13062329997774,-0.09041765649501521,-18.40794339999998,2
166.18077189999167,-0.20359890400060132,-18.41815359999998,2
166.2473245000001,-0.16915041634095623,-18.42941099999998,2
166.31397969997488,-0.12961329353552994,-18.43805039999998,2
166.36402420001104,-0.10985822609931091,-18.44354819999998,2
166.4140466999961,-0.06280373833651233,-18.44668979999998,2
166.48062739998568,-0.03932070405402811,-18.44930779999998,2
166.53066060005222,-0.047092730364370186,-18.45166399999998,2
166.58075560000725,-0.036582493295636384,-18.45349659999998,2
166.64723560004495,-0.07876052943788708,-18.45873259999998,2
166.71393219998572,-0.1216823647263477,-18.46684839999998,2
166.76411710004322,-0.20866834422308572,-18.47732039999998,2
166.83063430001494,-0.16530461301251334,-18.48831599999998,2
166.8972758000018,-0.18463870114604147,-18.50062059999998,2
166.94738370005507,-0.26123625189013805,-18.51371059999998,2
167.0139490000438,-0.18878304465132228,-18.52627699999998,2
167.08062370005064,-0.1570610741244474,-18.53674899999998,2
167.14731729996856,-0.17087268435255146,-18.54800639999998,2
167.21389510005247,-0.21234105035287176,-18.56214359999998,2
167.2639513000613,-0.3399578872746031,-18.57916059999998,2
167.33062290004455,-0.27094295028980303,-18.59722479999998,2
167.3972436999902,-0.23971192199769703,-18.613194599999982,2
167.46396740002092,-0.23149495595855032,-18.62864079999998,2
167.51400239998475,-0.36103127836633214,-18.646704999999983,2
167.58064000005834,-0.3182257460740106,-18.667910799999984,2
167.63083769998048,-0.4641686777709254,-18.691210999999985,2
167.6974347999785,-0.27910824946654694,-18.709798799999984,2
167.7474940000102,-0.33993751376829456,-18.726815799999983,2
167.81427520001307,-0.25089695901358006,-18.74357099999998,2
167.88075580005534,-0.287473337903823,-18.76268239999998,2
167.93087629997171,-0.40742610377133387,-18.78310279999998,2
167.99741850001737,-0.22425768895167822,-18.79802539999998,2
168.04742049996275,-0.23561057583434858,-18.809806399999978,2
168.09749409998767,-0.2143604612941539,-18.82054019999998,2
168.16419539996423,-0.18447316625499824,-18.83284479999998,2
168.23079359997064,-0.22013808178882927,-18.84750559999998,2
168.29750430001877,-0.22369125176670165,-18.86242819999998,2
168.3640688000014,-0.18878531354218378,-18.87499459999998,2
168.41426989994943,-0.1877409062701335,-18.88441939999998,2
168.48084790003486,-0.12189912568095103,-18.89253519999998,2
168.54745019995607,-0.18474737380774237,-18.90483979999998,2
168.59750430006534,-0.3033597640723461,-18.92002419999998,2
168.66406670003198,-0.25958799575525027,-18.93730299999998,2
168.71410670003388,-0.31390887288976027,-18.95301099999998,2
168.7641111999983,-0.23559879627600597,-18.964791999999978,2
168.81413159996737,-0.15701593759458785,-18.972645999999976,2
168.86414990003686,-0.15702252953594098,-18.980499999999974,2
168.9141619000584,-0.1779812844151204,-18.989401199999975,2
168.9808715999825,-0.18052547101397812,-19.001443999999974,2
169.0481676000636,-0.2256359959239428,-19.016628399999973,2
169.1141464000102,-0.21823676713811857,-19.031027399999974,2
169.18077099998482,-0.21612137266848805,-19.045426399999975,2
169.2308209000621,-0.3713853568398355,-19.064014199999974,2
169.2809534999542,-0.13055377167925541,-19.070559199999973,2
169.3480722999666,-0.10921530180286745,-19.077889599999974,2
169.41414989996701,-0.1347082823822686,-19.086790799999974,2
169.4642178999493,-0.2248422146677581,-19.098048199999976,2
169.51423630001955,-0.2512355449664288,-19.110614599999977,2
169.58099809999112,-0.16862037879136516,-19.12187199999998,2
169.6480259000091,-0.0742109989984244,-19.126846199999978,2
169.71407780004665,-0.07134389771255653,-19.131558599999977,2
169.76412519998848,-0.15170018839788124,-19.139150799999978,2
169.81418310001027,-0.23534746753006397,-19.150931799999977,2
169.88076810003258,-0.22018172253640847,-19.16559259999998,2
169.93082829995546,-0.292863392926617,-19.18025339999998,2
169.99746380001307,-0.12179393856104652,-19.18836919999998,2
170.04797059996054,-0.08811882765546113,-19.192819799999977,2
170.11412629997358,-0.0712319573229673,-19.197532199999976,2
170.164310400025,-0.12520300241636798,-19.203815399999975,2
170.23088279995136,-0.1219093799979565,-19.211931199999974,2
170.2975661000237,-0.19630102268187213,-19.225021199999972,2
170.34799909999128,-0.2647433229944355,-19.23837299999997,2
170.41414230002556,-0.18207162631622564,-19.25041579999997,2
170.46414609998465,-0.16230366505426608,-19.25853159999997,2
170.51423450000584,-0.104535181754345,-19.26376759999997,2
170.58091410005,-0.09422971937203306,-19.270050799999968,2
170.64785389997996,-0.14079516236767997,-19.27947559999997,2
170.71408649999648,-0.13834576926943237,-19.28863859999997,2
170.76430969999637,-0.15116918077733882,-19.29623079999997,2
170.83057690004352,-0.07901344852769539,-19.30146679999997,2
170.8806291000219,-0.07322755046897195,-19.305131999999972,2
170.93069489998743,-0.05229118483681143,-19.30774999999997,2
170.99724159995094,-0.027538555645958116,-19.30958259999997,2
171.04727610002737,-0.05755628607462163,-19.31246239999997,2
171.11392949998844,-0.074627850985926,-19.31743659999997,2
171.16401109995786,-0.12545925057979254,-19.323719799999967,2
171.23062349995598,-0.1061153779206183,-19.330788399999967,2
171.29732190002687,-0.12560421226140087,-19.339165999999967,2
171.36392150004394,-0.1375834088740975,-19.348328999999968,2
171.41392489999998,-0.16754060738599919,-19.356706599999967,2
171.46396109997295,-0.13603750891709998,-19.363513399999967,2
171.53076989995316,-0.07053561808318695,-19.368225799999966,2
171.580851500039,-0.05750215638207375,-19.371105599999964,2
171.647311000037,-0.0354531707290946,-19.373461799999966,2
171.71395440003835,-0.06285393602240882,-19.377650599999967,2
171.78062320000026,-0.08639123552981348,-19.383410199999968,2
171.8308202000335,-0.17732533805025943,-19.39231139999997,2
171.89727239997592,-0.20092337065690358,-19.405663199999967,2
171.94728099997155,-0.25128477903994,-19.418229599999968,2
172.013985699974,-0.15306567602620932,-19.428439799999968,2
172.06401400000323,-0.14129202862920884,-19.435508399999968,2
172.1472813000437,-0.05536288273964301,-19.439173599999968,2
172.2139253000496,-0.08642338394288133,-19.44493319999997,2
172.28053760004696,-0.13362697280161231,-19.45383439999997,2
172.3306380000431,-0.22992231600714325,-19.46535359999997,2
172.39720540004782,-0.4680098666583562,-19.496507799999968,2
172.447226600023,-0.30879307189090965,-19.511953999999967,2
172.51394650002476,-0.18834560602858066,-19.524520399999968,2
172.5639898000518,-0.16217555588094237,-19.532636199999967,2
172.61419009999372,-0.135592815339216,-19.539442999999967,2
172.6807491000509,-0.1337339802634453,-19.548344199999967,2
172.7308664000593,-0.2611872546565728,-19.561434199999965,2
172.79741270001978,-0.3029259329515902,-19.581592799999964,2
172.84828330005985,-0.3756865455674982,-19.600704199999964,2
172.91413980000652,-0.22659266757393398,-19.615626799999962,2
172.98081119998824,-0.15314212695099005,-19.62583699999996,2
173.0475411999505,-0.18831709886267883,-19.638403399999962,2
173.11412589997053,-0.2477055539041014,-19.654896799999964,2
173.18078749999404,-0.29847468397073335,-19.674793599999965,2
173.2308038000483,-0.3978063147096492,-19.694690399999967,2
173.28085660003126,-0.3295200269638918,-19.71118379999997,2
173.34755669999868,-0.1609262955414304,-19.72191759999997,2
173.41417390003335,-0.1689863878118737,-19.73317499999997,2
173.4807460999582,-0.18483090560159093,-19.74547959999997,2
173.53078489995096,-0.29298864085710496,-19.760140399999973,2
173.58085230004508,-0.30850813045939457,-19.775586599999972,2
173.64757609996013,-0.16871641025139397,-19.786843999999974,2
173.71415410004556,-0.12189912568095103,-19.794959799999972,2
173.76417270000093,-0.18319185279429565,-19.804122799999973,2
173.83081349998247,-0.1807121163511782,-19.816165599999973,2
173.89753339998424,-0.2982138762119194,-19.836062399999975,2
173.9642033999553,-0.29843707827566246,-19.855959199999976,2
174.03079610003624,-0.2594698815184987,-19.873237999999976,2
174.0808191000251,-0.2721468125268239,-19.886851599999975,2
174.14792130002752,-0.20287859413716927,-19.900465199999974,2
174.21412929997314,-0.2293438861236124,-19.915649599999973,2
174.28077009995468,-0.24356850464724017,-19.931881199999975,2
174.33086069999263,-0.2874591238494189,-19.946280199999975,2
174.3973642999772,-0.12597212785388434,-19.954657799999975,2
174.44743780000135,-0.18299100313698646,-19.963820799999976,2
174.51410619996022,-0.17278350773539428,-19.975339999999974,2
174.58089980005752,-0.23517223172756171,-19.991047999999974,2
174.63094519998413,-0.3766500023507663,-20.009897599999974,2
174.69747370004188,-0.2282390251819539,-20.025081999999973,2
174.74751909996849,-0.25110000156717754,-20.037648399999973,2
174.7976421000203,-0.2454880990219515,-20.049952999999974,2
174.86411660001613,-0.21660937654146142,-20.064351999999975,2
174.9141641999595,-0.31909222456371666,-20.080321799999975,2
174.98074539995287,-0.24378653436126127,-20.096553399999976,2
175.03074800001923,-0.2774935699660511,-20.110428799999976,2
175.08079340006225,-0.19355625075778324,-20.120115399999975,2
175.13082089996897,-0.10989555764831738,-20.125613199999975,2
175.1974695000099,-0.04713677403682084,-20.128754799999975,2
175.24767159996554,-0.11472826844074774,-20.134514399999976,2
175.29768389998935,-0.16227608000704538,-20.142630199999974,2
175.36408780002967,-0.14587396213353876,-20.152316799999973,2
175.4308091000421,-0.15302759385829645,-20.162526999999972,2
175.497417400009,-0.12577411530038946,-20.17090459999997,2
175.54753960005473,-0.16714350113035245,-20.17928219999997,2
175.61408309999388,-0.11802805694294342,-20.18713619999997,2
175.68082550005056,0.0,-20.18713619999997,0
175.730847000028,0.010467498980159983,-20.186612599999968,1
175.79725279996637,-0.05913640079096741,-20.19053959999997,2
175.84725840005558,-0.10470827248666667,-20.19577559999997,2
175.89738730003592,-0.09400565346234381,-20.200487999999968,2
175.9638835999649,-0.039370611639984225,-20.203105999999966,2
176.01391620002687,-0.026162941729567037,-20.204414999999965,2
176.08055139996577,0.0,-20.204414999999965,0
176.1306752000237,0.010446135356756321,-20.203891399999964,1
176.18109490000643,-0.020769659485448837,-20.204938599999963,2
176.24754010001197,-0.059101334628719776,-20.208865599999964,2
176.31393649999518,-0.06308775778595775,-20.213054399999965,2
176.36402350000571,-0.10976500886145334,-20.218552199999966,2
176.43056839995552,-0.12195975959272458,-20.226667999999965,2
176.48057340004016,-0.22512548707020688,-20.237925399999966,2
176.53057659999467,-0.29843290056583516,-20.252847999999965,2
176.58070080005564,-0.3290506378144664,-20.269341399999966,2
176.6473558000289,-0.17674593060876942,-20.281122399999965,2
176.71389769995585,-0.1691776160938695,-20.292379799999967,2
176.76399730006233,-0.24037716816911078,-20.304422599999967,2
176.83056779997423,-0.20449899006339858,-20.318036199999966,2
176.88071950001176,-0.30276939742095665,-20.333220599999965,2
176.94720579998102,-0.09056602642626178,-20.339241999999967,2
176.99723690003157,0.005232745227178784,-20.338980199999966,1
177.06391799997073,0.054966099889535935,-20.335314999999966,1
177.14735079999082,0.07113110284533775,-20.330602599999967,1
177.21388609998394,0.05115179461657072,-20.327199199999967,1
177.28048940002918,0.01965368081027188,-20.325890199999968,1
177.3305538999848,-0.01568776279991121,-20.32667559999997,2
177.39716799999587,-0.1139728675871748,-20.33426779999997,2
177.44722770003136,-0.20396047105279144,-20.34447799999997,2
177.5138595000608,-0.16502030554696076,-20.35547359999997,2
177.58050359995104,-0.14534820060517464,-20.36516019999997,2
177.6308568000095,-0.18197453169536557,-20.37432319999997,2
177.6810599999735,-0.20859228111964664,-20.38479519999997,2
177.74747030006256,-0.20105013803728064,-20.39814699999997,2
177.79766739998013,-0.23991027409504173,-20.41018979999997,2
177.86504960001912,-0.14764136514158321,-20.42013819999997,2
177.93074510002043,-0.11556651520801968,-20.42773039999997,2
177.98078770004213,-0.1674093671465436,-20.43610799999997,2
178.04736590001266,-0.18874646664465602,-20.44867439999997,2
178.114023800008,-0.2238684387153581,-20.463596999999968,2
178.16539320000447,-0.3108815754339363,-20.47956679999997,2
178.23070069996174,-0.19241894128885478,-20.49213319999997,2
178.28074710001238,-0.17262780122565052,-20.50077259999997,2
178.33078880002722,-0.08893782582685558,-20.505223199999968,2
178.39741550001781,-0.06679904603752528,-20.509673799999966,2
178.46483039995655,-0.11261902052660552,-20.517265999999967,2
178.5307310000062,-0.18274188688612594,-20.529308799999967,2
178.58084970002528,-0.35520474380263856,-20.547111199999968,2
178.64738540002145,-0.30297419281921767,-20.567269799999966,2
178.71407270000782,-0.23947288319161275,-20.583239599999967,2
178.76488020003308,-0.3143197361031556,-20.599209399999967,2
178.83072500000708,-0.3260333391319623,-20.62067699999997,2
178.88076219998766,-0.24590904376695183,-20.63298159999997,2
178.9307656000601,-0.2774891303370253,-20.64685699999997,2
178.99735259998124,-0.18872152244259113,-20.65942339999997,2
179.0647930999985,-0.13586791316279573,-20.66858639999997,2
179.13068930001464,-0.07945829954864574,-20.67382239999997,2
179.18070849997457,-0.07850985227963651,-20.67774939999997,2
179.23073049995583,-0.14130982373053746,-20.68481799999997,2
179.29734549997374,-0.22401260971231698,-20.69974059999997,2
179.34744359995238,-0.3448993077056179,-20.71701939999997,2
179.4141267000232,-0.255192094877582,-20.73403639999997,2
179.4647233999567,-0.30010652908096075,-20.749220799999968,2
179.53074630000629,-0.17447279642897492,-20.760739999999966,2
179.58092450001277,-0.17217437052113171,-20.769379399999966,2
179.64762830000836,-0.19624069394644217,-20.782469399999965,2
179.7140735000139,-0.25216569441587106,-20.799224599999963,2
179.7647380999988,-0.3617121225760698,-20.81755059999996,2
179.83072099997662,-0.26186784766669496,-20.83482939999996,2
179.88073199999053,-0.261742416595531,-20.84791939999996,2
179.93116779997945,-0.18686726496002562,-20.85734419999996,2
179.99733569996897,-0.08704522889364742,-20.863103799999962,2
180.04738760006148,-0.1307642664494792,-20.86964879999996,2
180.09760360000655,-0.151190855669615,-20.877240999999962,2
180.14761480002198,-0.19368861369074883,-20.88692759999996,2
180.21409929997753,-0.18113695685538084,-20.89897039999996,2
180.2647267000284,-0.25338453065158506,-20.911798599999962,2
180.33072610001545,-0.1904017309621878,-20.924364999999963,2
180.38073510001414,-0.18846207683114108,-20.933789799999964,2
180.44740599999204,-0.09424201566323595,-20.940072999999963,2
180.51412710000295,-0.12556147903182402,-20.948450599999962,2
180.5645675000269,-0.2179919270025665,-20.959446199999963,2
180.63074030005373,-0.1978154165260019,-20.97253619999996,2
180.68077300000004,-0.27209405078294024,-20.98614979999996,2
180.74755329999607,-0.13329080582940953,-20.99505099999996,2
180.79764899995644,-0.08884195656555696,-20.99950159999996,2
180.86384420003742,-0.04350466493759135,-21.00238139999996,2
180.91433379997034,-0.06740794152700681,-21.005784799999958,2
180.9806967000477,-0.07889950550527347,-21.011020799999958,2
181.04727119999006,-0.11404066131286063,-21.01861299999996,2
181.113844800042,-0.15729959010527123,-21.02908499999996,2
181.16389169998,-0.16739498371276493,-21.03746259999996,2
181.23059110005852,-0.08635160126209447,-21.04322219999996,2
181.29720919998363,-0.03143890327635454,-21.04531659999996,2
181.34724320005625,0.015697325795657562,-21.04453119999996,1
181.39729450002778,0.04184506698510125,-21.042436799999958,1
181.463884399971,0.01572610862748079,-21.04138959999996,1
181.53054659999907,-0.03141810499980321,-21.04348399999996,2
181.58061479998287,-0.07320414956371621,-21.04714919999996,2
181.6306383999763,-0.09943706571803217,-21.05212339999996,2
181.69721020001452,-0.11404528637713506,-21.05971559999996,2
181.7472463999875,-0.15173414456138073,-21.067307799999963,2
181.81381089997012,-0.12978990306025134,-21.075947199999963,2
181.86391439998988,-0.13062959668324364,-21.08249219999996,2
181.93062710005324,-0.06278864438137778,-21.086680999999963,2
181.9971721000038,-0.06294687809920736,-21.090869799999965,2
182.04719820001628,-0.015699804698030916,-21.091655199999966,2
182.1472205000464,-0.00794235874067939,-21.092178799999967,2
182.21382870001253,-0.007860894008037586,-21.09270239999997,2
182.2638619999634,0.0,-21.09270239999997,0
182.3304744999623,0.0,-21.09270239999997,0
182.38050289999228,0.005233027637163625,-21.092440599999968,1
182.4305343000451,-0.005232713850173146,-21.09270239999997,2
182.49715640000068,-0.003929626958240707,-21.09296419999997,2
182.547181300004,0.0,-21.09296419999997,0
182.5974066000199,-0.0156375372521747,-21.09374959999997,2
182.6645280000521,0.0,-21.09374959999997,0
182.7310581000056,0.00393506097515084,-21.09348779999997,1
182.79753750003874,0.0,-21.09348779999997,0
182.86443209997378,-0.003913619339292397,-21.09374959999997,2
182.93101080006454,-0.003932188517395511,-21.09401139999997,2
182.9972712000599,0.0,-21.09401139999997,0
183.04736940003932,0.0,-21.09401139999997,0
183.09739739994984,0.0,-21.09401139999997,0
183.1474202000536,0.0,-21.09401139999997,0
183.19745510001667,0.0,-21.09401139999997,0
183.26417930005118,0.0,-21.09401139999997,0
183.3311136000557,-0.003911298093539204,-21.09427319999997,2
183.39747980004176,0.0,-21.09427319999997,0
183.44761220004875,0.005222171688638723,-21.09401139999997,1
183.51397550001275,0.0,-21.09401139999997,0
183.56418079999276,0.0,-21.09401139999997,0
183.63125510001555,0.0,-21.09401139999997,0
183.69736770004965,-0.003959910816772536,-21.09427319999997,2
183.74738389998674,0.0,-21.09427319999997,0
183.81396739999764,0.0,-21.09427319999997,0
183.86412549996749,0.0,-21.09427319999997,0
183.9310894999653,0.0,-21.09427319999997,0
183.99749960005283,0.0,-21.09427319999997,0
184.06419559998903,0.0,-21.09427319999997,0
184.11421130003873,0.0,-21.09427319999997,0
184.18075080006383,0.0,-21.09427319999997,0
184.23109939997084,0.0,-21.09427319999997,0
184.29739429999609,0.0,-21.09427319999997,0
184.36402650002856,0.0,-21.09427319999997,0
184.43121730000712,0.0,-21.09427319999997,0
184.49729820003267,0.0,-21.09427319999997,0
184.54736109997611,0.0,-21.09427319999997,0
184.59757119999267,0.0,-21.09427319999997,0
184.66407719999552,0.0,-21.09427319999997,0
184.73120419995394,0.0,-21.09427319999997,0
184.79778560006525,0.0,-21.09427319999997,0
184.8641979000531,0.0,-21.09427319999997,0
184.91424790001474,0.0,-21.09427319999997,0
184.96465690003242,0.0,-21.09427319999997,0
185.0310463999631,0.0,-21.09427319999997,0
185.09742280002683,0.0,-21.09427319999997,0
185.14747590001207,-0.005230445268669282,-21.094534999999972,2
185.21407810004894,0.003930801082472913,-21.09427319999997,1
185.26459829998203,-0.005182085588472273,-21.094534999999972,2
185.33063460001722,0.0,-21.094534999999972,0
185.38074219995178,0.005224756331213073,-21.09427319999997,1
185.4473997000605,0.0,-21.09427319999997,0
185.49747940001544,-0.0052276671033474635,-21.094534999999972,2
185.56437489995733,0.0,-21.094534999999972,0
185.63061610003933,0.0,-21.094534999999972,0
185.6806773999706,-0.005229588531650049,-21.094796799999973,2
185.73069900006521,0.0,-21.094796799999973,0
185.78080279997084,0.0,-21.094796799999973,0
185.8471876999829,-0.00394366791171584,-21.095058599999973,2
185.8971976999892,-0.005234953008739094,-21.095320399999974,2
185.94721110002138,0.0,-21.095320399999974,0
186.01386499998625,-0.003927752166609254,-21.095582199999974,2
186.06390109995846,0.0,-21.095582199999974,0
186.1306144000264,0.0,-21.095582199999974,0
186.1971928999992,-0.003932200336548227,-21.095843999999975,2
186.26387530006468,0.0,-21.095843999999975,0
186.3305083999876,-0.003928978245089657,-21.096105799999975,2
186.38056379999034,0.0,-21.096105799999975,0
186.44721839996055,-0.003927710917431352,-21.096367599999976,2
186.51385600003414,0.0,-21.096367599999976,0
186.58056509995367,-0.007849004118352196,-21.096891199999977,2
186.64734869997483,0.003920124101082825,-21.096629399999976,1
186.7138098999858,0.0,-21.096629399999976,0
186.76391550002154,-0.005224964870457809,-21.096891199999977,2
186.83059410005808,0.0,-21.096891199999977,0
186.89719389996026,0.0,-21.096891199999977,0
186.94720890000463,0.0,-21.096891199999977,0
187.01382890006062,0.0,-21.096891199999977,0
187.08055249997415,-0.003923649208664967,-21.097152999999977,2
187.14713389996905,0.003981888343870319,-21.096891199999977,1
187.19716850004625,0.0,-21.096891199999977,0
187.24718229996506,0.0,-21.096891199999977,0
187.3139172999654,0.0,-21.096891199999977,0
187.38045639998745,0.0,-21.096891199999977,0
187.43047719995957,-0.005233822732661912,-21.097152999999977,2
187.48048370005563,0.0,-21.097152999999977,0
187.5471458999673,0.0,-21.097152999999977,0
187.59755679999944,0.0,-21.097152999999977,0
187.64775050000753,0.0,-21.097152999999977,0
187.71414719999302,0.0,-21.097152999999977,0
187.7809170000255,0.0,-21.097152999999977,0
187.8309583000373,0.0,-21.097152999999977,0
187.8821032999549,0.0,-21.097152999999977,0
187.94739590003155,0.0,-21.097152999999977,0
188.01395599998068,0.0,-21.097152999999977,0
188.06411220005248,0.0,-21.097152999999977,0
188.13097379996907,0.0,-21.097152999999977,0
188.19753330003005,0.0,-21.097152999999977,0
188.24771979998332,0.0,-21.097152999999977,0
188.3139983000001,0.0,-21.097152999999977,0
188.36468780005816,0.0,-21.097152999999977,0
188.43106900004204,0.0,-21.097152999999977,0
188.48204639996402,0.0,-21.097152999999977,0
188.5479179000249,0.0,-21.097152999999977,0
188.6142380000092,0.0,-21.097152999999977,0
188.68202239996754,0.0,-21.097152999999977,0
188.74791639996693,0.0,-21.097152999999977,0
188.81394000002183,0.0,-21.097152999999977,0
188.86424569995143,0.0,-21.097152999999977,0
188.93100500002038,0.0,-21.097152999999977,0
188.99727309995797,0.0,-21.097152999999977,0
189.04782520001754,0.0,-21.097152999999977,0
189.1139532000525,0.0,-21.097152999999977,0
189.164368800004,0.0,-21.097152999999977,0
189.23104800004512,0.0,-21.097152999999977,0
189.28195990005042,0.0,-21.097152999999977,0
189.34802989999298,0.0,-21.097152999999977,0
189.4139527999796,-0.003971305874789291,-21.097414799999978,2
189.46405259997118,0.005225569763631223,-21.097152999999977,1
189.53094009996857,0.0,-21.097152999999977,0
189.59749640000518,0.0,-21.097152999999977,0
189.64829429995734,-0.005153756360923667,-21.097414799999978,2
189.7142972999718,0.0,-21.097414799999978,0
189.76435289997607,-0.005230184034906457,-21.09767659999998,2
189.83063420001417,0.0,-21.09767659999998,0
189.8819613000378,0.0051006193585744425,-21.097414799999978,1
189.9482700000517,-0.00789639971663137,-21.09793839999998,2
190.01395189994946,0.003985877394039139,-21.09767659999998,1
190.0641543000238,-0.00521489011705263,-21.09793839999998,2
190.13086110004224,0.0,-21.09793839999998,0
190.19734059995972,-0.007876112194736084,-21.09846199999998,2
190.26450319995638,0.0,-21.09846199999998,0
190.33087329997215,-0.003944547317809937,-21.09872379999998,2
190.39749220001977,-0.007859631420299079,-21.09924739999998,2
190.4644562000176,-0.0039095633475972995,-21.099509199999982,2
190.53061580006033,-0.00395709768243583,-21.099770999999983,2
190.5806675000349,0.0,-21.099770999999983,0
190.64722519996576,-0.007866858388194915,-21.100294599999984,2
190.69733900006395,0.0,-21.100294599999984,0
190.76389499998186,0.0,-21.100294599999984,0
190.81390189996455,0.010470555067025487,-21.099770999999983,1
190.86391740001272,-0.005234377337981856,-21.100032799999983,2
190.93044949998148,0.0,-21.100032799999983,0
190.98108399997,-0.010340775560511628,-21.100556399999984,2
191.04722249996848,-0.0039583601080457964,-21.100818199999985,2
191.11392809997778,-0.00784941593999607,-21.101341799999986,2
191.18105879996438,0.0038998550596417068,-21.101079999999985,1
191.24716759996954,0.007920276876286821,-21.100556399999984,1
191.29732540005352,-0.005219527163505264,-21.100818199999985,2
191.3638732000254,-0.003934014349243716,-21.101079999999985,2
191.43048770003952,-0.003930075283077125,-21.101341799999986,2
191.48081219999585,0.005202237483276944,-21.101079999999985,1
191.54720330005512,0.0,-21.101079999999985,0
191.5973074999638,0.0,-21.101079999999985,0
191.64730770001188,-0.005235979051047933,-21.101341799999986,2
191.71380330005195,-0.003937102602912637,-21.101603599999986,2
191.76384390005842,0.0,-21.101603599999986,0
191.8305428000167,0.0,-21.101603599999986,0
191.8808268000139,0.0,-21.101603599999986,0
191.94721630006097,0.0,-21.101603599999986,0
191.99731849995442,0.0,-21.101603599999986,0
192.06381800002418,0.0,-21.101603599999986,0
192.1474828000646,0.0,-21.101603599999986,0
192.21400999999605,0.0,-21.101603599999986,0
192.28053840005305,0.0,-21.101603599999986,0
192.33061880001333,0.0,-21.101603599999986,0
192.39729800005443,0.0,-21.101603599999986,0
192.44827839999925,0.0,-21.101603599999986,0
192.51394370000344,0.0,-21.101603599999986,0
192.56397490005475,0.0,-21.101603599999986,0
192.63062890002038,-0.003927746273816509,-21.101865399999987,2
192.68167650001124,0.0,-21.101865399999987,0
192.74831379996613,0.003928730608491345,-21.101603599999986,1
192.81395660003182,0.0,-21.101603599999986,0
192.88161260006018,0.0,-21.101603599999986,0
192.94814340001903,0.0,-21.101603599999986,0
193.0140540000284,0.0,-21.101603599999986,0
193.08161380002275,0.0,-21.101603599999986,0
193.14747910003643,-0.003974778828087175,-21.101865399999987,2
193.21394990000408,0.0,-21.101865399999987,0
193.2818129999796,0.0,-21.101865399999987,0
193.3483151999535,0.0,-21.101865399999987,0
193.41396609996445,0.0039877594969197775,-21.101603599999986,1
193.4806349000428,0.0,-21.101603599999986,0
193.53068249998614,0.0,-21.101603599999986,0
193.58192659995984,-0.005108880829878148,-21.101865399999987,2
193.64826689998154,0.003946319204380928,-21.101603599999986,1
193.71392380003817,0.0,-21.101603599999986,0
193.76403139997274,0.0,-21.101603599999986,0
193.83064429997467,0.0,-21.101603599999986,0
193.88176679995377,0.0,-21.101603599999986,0
193.94822819996625,0.0,-21.101603599999986,0
194.0139053000603,0.0,-21.101603599999986,0
194.06393289996777,0.0,-21.101603599999986,0
194.13059269997757,0.0,-21.101603599999986,0
194.18106350000016,-0.005187157720559177,-21.101865399999987,2
194.24820070003625,0.0038994774857945063,-21.101603599999986,1
194.31403020001017,0.0,-21.101603599999986,0
194.38064029999077,0.0,-21.101603599999986,0
194.43065240001306,0.0,-21.101603599999986,0
194.48143539996818,0.0,-21.101603599999986,0
194.54841559997294,-0.003908617770346756,-21.101865399999987,2
194.61403719999362,0.0,-21.101865399999987,0
194.68139409995638,0.0,-21.101865399999987,0
194.7484016000526,-0.0039070253273745395,-21.102127199999988,2
194.81390940002166,0.0,-21.102127199999988,0
194.8639432999771,0.005232452401933449,-21.101865399999987,1
194.9139698999934,0.0,-21.101865399999987,0
194.9640069999732,0.0,-21.101865399999987,0
195.03061400004663,0.0,-21.101865399999987,0
195.08162069995888,-0.005132659051661657,-21.102127199999988,2
195.1474379999563,0.003977677601636753,-21.101865399999987,1
195.19747500005178,0.0,-21.101865399999987,0
195.26403399999253,0.003933352367569216,-21.101603599999986,1
195.3306868999498,0.0,-21.101603599999986,0
195.3807523000287,0.0,-21.101603599999986,0
195.44727470004,0.0,-21.101603599999986,0
195.49927020003088,-0.005035051111075328,-21.101865399999987,2
195.56400340003893,0.0,-21.101865399999987,0
195.63044069998432,0.0,-21.101865399999987,0
195.68051690002903,0.0,-21.101865399999987,0
195.74717220000457,0.0,-21.101865399999987,0
195.79718069999944,0.0,-21.101865399999987,0
195.86378769995645,0.0,-21.101865399999987,0
195.91378940001596,0.0,-21.101865399999987,0
195.96381550002843,0.0,-21.101865399999987,0
196.0304688999895,0.0,-21.101865399999987,0
196.08049229998142,0.0,-21.101865399999987,0
196.13062179996632,0.0,-21.101865399999987,0
196.18064509995747,0.0,-21.101865399999987,0
196.24713010003325,0.0,-21.101865399999987,0
196.29713850002736,0.0,-21.101865399999987,0
196.3471692999592,0.0,-21.101865399999987,0
196.4137659999542,0.0,-21.101865399999987,0
196.46381029998884,-0.01046273001395859,-21.102388999999988,2
196.53044630005024,-0.003928807247715065,-21.10265079999999,2
196.58046690002084,-0.005233843659490414,-21.10291259999999,2
196.63047329999972,-0.010470659759972785,-21.10343619999999,2
196.6804870000342,0.005234565725382602,-21.10317439999999,1
196.74717049999163,-0.003926008685313627,-21.10343619999999,2
196.813852100051,-0.0039261205455006585,-21.10369799999999,2
196.88047610002104,0.0,-21.10369799999999,0
196.94712789996993,0.003927875919341553,-21.10343619999999,1
197.01375659997575,-0.003929237700527317,-21.10369799999999,2
197.0637908000499,-0.005232421016265074,-21.10395979999999,2
197.14719839999452,-0.003960138438143411,-21.104221599999992,2
197.21376219997182,-0.00393306872638387,-21.104483399999992,2
197.2637961000437,0.0,-21.104483399999992,0
197.33040199999232,-0.003930582729186556,-21.104745199999993,2
197.38043550006114,0.0,-21.104745199999993,0
197.4305854999693,-0.00522033899260968,-21.105006999999993,2
197.48145870002918,0.0,-21.105006999999993,0
197.54810100002214,0.003928435843715505,-21.104745199999993,1
197.59896079997998,-0.005147483871683488,-21.105006999999993,2
197.6650365999667,-0.00396211623699776,-21.105268799999994,2
197.73059359996114,0.0,-21.105268799999994,0
197.78130939998664,0.005162099382605907,-21.105006999999993,1
197.8481077000033,-0.003919261417351346,-21.105268799999994,2
197.89886219997425,0.005158163318521916,-21.105006999999993,1
197.96505830006208,-0.003954915767735781,-21.105268799999994,2
198.0305718999589,0.003996116843104108,-21.105006999999993,1
198.08194129995536,0.0,-21.105006999999993,0
198.14812440006062,0.0,-21.105006999999993,0
198.19885839999188,0.0,-21.105006999999993,0
198.2649367999984,0.0,-21.105006999999993,0
198.33056749997195,0.0,-21.105006999999993,0
198.3806167000439,-0.005230852833284513,-21.105268799999994,2
198.4481232999824,0.003878139326206881,-21.105006999999993,1
198.49890490004327,0.0,-21.105006999999993,0
198.56488810002338,0.0,-21.105006999999993,0
198.6305735000642,0.0,-21.105006999999993,0
198.68130589998327,0.0,-21.105006999999993,0
198.74820170004386,0.0,-21.105006999999993,0
198.79886560002342,-0.00516738743179368,-21.105268799999994,2
198.8651728000259,-0.003948289175084944,-21.105530599999994,2
198.9306959999958,0.0,-21.105530599999994,0
198.99893889995292,0.0,-21.105530599999994,0
199.06486949999817,0.0039708420645394385,-21.105268799999994,1
199.13057489995845,0.003984451813066576,-21.105006999999993,1
199.18128989997786,0.0,-21.105006999999993,0
199.2479508999968,0.0,-21.105006999999993,0
199.2989156000549,0.0,-21.105006999999993,0
199.36513769999146,0.0,-21.105006999999993,0
199.4305783000309,0.0,-21.105006999999993,0
199.48142119997647,-0.005149194878346803,-21.105268799999994,2
199.54824350005947,0.0,-21.105268799999994,0
199.59901899995748,0.00515602998544315,-21.105006999999993,1
199.66530140000395,0.0,-21.105006999999993,0
199.73050619999412,0.004015041838016052,-21.104745199999993,1
199.78129429998808,0.0,-21.104745199999993,0
199.84722310001962,-0.003970950478011813,-21.105006999999993,2
199.89884639997035,0.0,-21.105006999999993,0
199.96547339996323,0.0,-21.105006999999993,0
200.0305746999802,0.0,-21.105006999999993,0
200.0813318999717,0.0,-21.105006999999993,0
200.14727950002998,0.0,-21.105006999999993,0
200.19888310006354,0.0,-21.105006999999993,0
200.26394440000877,0.0,-21.105006999999993,0
200.31400080001913,0.0,-21.105006999999993,0
200.36402940005064,0.0,-21.105006999999993,0
200.41403830004856,0.0,-21.105006999999993,0
200.48120709997602,0.0,-21.105006999999993,0
200.54722860001493,0.0,-21.105006999999993,0
200.59766850003507,0.0,-21.105006999999993,0
200.6640929999994,0.0039413168355131225,-21.104745199999993,1
200.73045929998625,0.0,-21.104745199999993,0
200.78049799997825,-0.005231950471172315,-21.105006999999993,2
200.8472216000082,0.00392364920181922,-21.104745199999993,1
200.89750129997265,0.0,-21.104745199999993,0
200.96428269997705,0.003920253243908391,-21.104483399999992,1
201.0304940000642,-0.003954007845418581,-21.104745199999993,2
201.08058539999183,0.0,-21.104745199999993,0
201.14706059999298,0.003938310828631874,-21.104483399999992,1
201.1974813999841,0.00519230159073495,-21.104221599999992,1
201.26377139997203,0.0,-21.104221599999992,0
201.3138048000401,-0.005232504679751487,-21.104483399999992,2
201.36423770000692,0.005191055841963407,-21.104221599999992,1
201.43044130003545,-0.0039544677311683955,-21.104483399999992,2
201.48053559998516,0.0052261434986185205,-21.104221599999992,1
201.54710610001348,0.0,-21.104221599999992,0
201.59748979995493,-0.005196124943270125,-21.104483399999992,2
201.6642322000116,0.0,-21.104483399999992,0
201.73044620000292,0.0,-21.104483399999992,0
201.78052160004154,0.0,-21.104483399999992,0
201.84716630005278,0.0,-21.104483399999992,0
201.89727820002008,0.0,-21.104483399999992,0
201.9642227999866,0.0,-21.104483399999992,0
202.03036029997747,0.0,-21.104483399999992,0
202.08053429995198,0.0,-21.104483399999992,0
202.1473665999947,0.0,-21.104483399999992,0
202.19742360000964,0.0,-21.104483399999992,0
202.26416869997047,0.0,-21.104483399999992,0
202.33040249999613,0.0,-21.104483399999992,0
202.38059269997757,0.0,-21.104483399999992,0
202.44719690002967,0.0,-21.104483399999992,0
202.49821130000055,0.0,-21.104483399999992,0
202.5652318999637,0.0,-21.104483399999992,0
202.6305594999576,0.0,-21.104483399999992,0
202.6972012000624,0.0,-21.104483399999992,0
202.7473002000479,0.0,-21.104483399999992,0
202.79837620002218,0.0,-21.104483399999992,0
202.8650278999703,0.0,-21.104483399999992,0
202.93053929996677,0.0,-21.104483399999992,0
202.9805680999998,0.0,-21.104483399999992,0
203.04719079995994,0.0,-21.104483399999992,0
203.09841610002331,0.0,-21.104483399999992,0
203.1641061999835,0.0,-21.104483399999992,0
203.23058109998237,0.0,-21.104483399999992,0
203.28084400005173,-0.005208613105068582,-21.104745199999993,2
203.3471771000186,0.003946747553344569,-21.104483399999992,1
203.3984750000527,-0.005103522752898165,-21.104745199999993,2
203.46524859999772,0.0,-21.104745199999993,0
203.5305517000379,0.004008998038973779,-21.104483399999992,1
203.58069089998025,-0.005221463451770578,-21.104745199999993,2
203.63080779998563,0.005223786785932637,-21.104483399999992,1
203.69851669995114,0.0,-21.104483399999992,0
203.76519089995418,0.0,-21.104483399999992,0
203.83065140002873,0.003999358387147147,-21.104221599999992,1
203.8982142000459,0.003874913412904848,-21.10395979999999,1
203.9653546999907,-0.0038992858291976656,-21.104221599999992,2
204.0305623000022,-0.0040148694316899875,-21.104483399999992,2
204.08062759996392,0.010458341414120916,-21.10395979999999,1
204.14729949994944,0.0,-21.10395979999999,0
204.1985382999992,-0.005109409270821304,-21.104221599999992,2
204.26521009998396,-0.00392669764517893,-21.104483399999992,2
204.33064749999903,0.0040007702008286435,-21.104221599999992,1
204.39859360002447,0.0038530541105668598,-21.10395979999999,1
204.46518000005744,-0.01179520141667151,-21.104745199999993,2
204.5305583999725,0.004004380656916115,-21.104483399999992,1
204.58279520005453,0.0,-21.104483399999992,0
204.6472281999886,0.0,-21.104483399999992,0
204.69828210002743,-0.0051279138283444855,-21.104745199999993,2
204.76499399996828,0.0,-21.104745199999993,0
204.83054830005858,-0.003993635804811926,-21.105006999999993,2
204.88063440006226,0.00522699910715256,-21.104745199999993,1
204.93070899997838,-0.010456399070129983,-21.105268799999994,2
204.99854639999103,0.0038592280946967653,-21.105006999999993,1
205.06532070005778,0.0039206700742393215,-21.104745199999993,1
205.13123669999186,0.0,-21.104745199999993,0
205.19731670001056,0.003961864405658435,-21.104483399999992,1
205.2639551999746,-0.003928659860911027,-21.104745199999993,2
205.31409600004554,0.0,-21.104745199999993,0
205.38223800004926,-0.0038419770477197052,-21.105006999999993,2
205.44719690002967,0.0,-21.105006999999993,0
205.49863140005618,0.0,-21.105006999999993,0
205.56382479995955,0.0,-21.105006999999993,0
205.63034959998913,0.0,-21.105006999999993,0
205.68038360006176,0.0,-21.105006999999993,0
205.7304051000392,-0.0052337494900799916,-21.105268799999994,2
205.79749679996166,0.0,-21.105268799999994,0
205.8642312999582,0.003923008339219153,-21.105006999999993,1
205.93039240001235,-0.003957007966700817,-21.105268799999994,2
205.99759369995445,0.003895757972324494,-21.105006999999993,1
206.06381479999982,0.0,-21.105006999999993,0
206.11383479996584,0.0,-21.105006999999993,0
206.16388720006216,-0.005230518406633818,-21.105268799999994,2
206.23033839999698,0.0,-21.105268799999994,0
206.2804399000015,0.0,-21.105268799999994,0
206.34703339997213,0.0,-21.105268799999994,0
206.3974973000586,0.0,-21.105268799999994,0
206.46430190000683,0.0,-21.105268799999994,0
206.530362599995,0.0,-21.105268799999994,0
206.58045000000857,0.0,-21.105268799999994,0
206.6304752000142,0.0,-21.105268799999994,0
206.68057480000425,0.0,-21.105268799999994,0
206.73059699998703,0.0,-21.105268799999994,0
206.79764400003478,0.0,-21.105268799999994,0
206.86374339996837,0.0,-21.105268799999994,0
206.93047749996185,0.0,-21.105268799999994,0
206.9970244000433,0.0,-21.105268799999994,0
207.0470987999579,0.0,-21.105268799999994,0
207.14700100000482,0.0,-21.105268799999994,0
207.19710320001468,0.0,-21.105268799999994,0
207.26412339997478,0.0,-21.105268799999994,0
207.33036270004231,0.0,-21.105268799999994,0
207.3807431999594,0.0,-21.105268799999994,0
207.44714950001799,0.0,-21.105268799999994,0
207.49858050001785,0.0,-21.105268799999994,0
207.56527450005524,0.0,-21.105268799999994,0
207.61820110003464,0.0,-21.105268799999994,0
207.68191599997226,0.0,-21.105268799999994,0
207.7472236000467,0.0,-21.105268799999994,0
207.79849119996652,0.0,-21.105268799999994,0
207.86522499995772,0.0,-21.105268799999994,0
207.91583109996282,0.0,-21.105268799999994,0
207.98131249996368,-0.0039980818980130325,-21.105530599999994,2
208.0471926999744,0.003973879860069986,-21.105268799999994,1
208.0987038000021,-0.005082399713055356,-21.105530599999994,2
208.15013540000655,0.005090255795608669,-21.105268799999994,1
208.2157594000455,-0.003989394121733003,-21.105530599999994,2
208.2820223000599,-0.003950928799419815,-21.105792399999995,2
208.34728270000778,0.0,-21.105792399999995,0
208.39856450003572,0.005105125012331464,-21.105530599999994,1
208.46526880003512,-0.003924784459208043,-21.105792399999995,2
208.51561640005093,0.010399701273458196,-21.105268799999994,1
208.58197749999817,0.0,-21.105268799999994,0
208.63430190004874,0.005003401849748875,-21.105006999999993,1
208.6984872999601,-0.0040788092052323355,-21.105268799999994,2
208.76509080000687,0.0,-21.105268799999994,0
208.81551300000865,-0.005192157422539628,-21.105530599999994,2
208.88223200000357,0.0,-21.105530599999994,0
208.94719380000606,-0.0040300607432360745,-21.105792399999995,2
208.99839660001453,0.005113001631877581,-21.105530599999994,1
209.06513220001943,-0.007845887351900995,-21.106054199999996,2
209.1154405999696,0.010407804671163983,-21.105530599999994,1
209.17159699997865,-0.004661979755785091,-21.105792399999995,2
209.23068669997156,0.004430552194907277,-21.105530599999994,1
209.28216060006525,0.0,-21.105530599999994,0
209.34719190001488,-0.008051507511084749,-21.106054199999996,2
209.398293599952,0.010246234482299606,-21.105530599999994,1
209.46512870001607,0.0,-21.105530599999994,0
209.51528669998515,0.0,-21.105530599999994,0
209.565307199955,-0.00523385412296742,-21.105792399999995,2
209.61764269997366,0.005002340665639968,-21.105530599999994,1
209.68240890000015,0.0,-21.105530599999994,0
209.74738049996085,0.0,-21.105530599999994,0
209.79811360000167,0.0,-21.105530599999994,0
209.86438250006177,0.0,-21.105530599999994,0
209.9151591999689,0.0,-21.105530599999994,0
209.98053279996384,0.0,-21.105530599999994,0
210.04719910002314,0.0,-21.105530599999994,0
210.09816759999376,-0.0051365058840440354,-21.105792399999995,2
210.1502952000592,0.0,-21.105792399999995,0
210.21508630004246,0.004040678427555802,-21.105530599999994,1
210.28053350001574,0.0,-21.105530599999994,0
210.33059100003447,0.0,-21.105530599999994,0
210.3972013000166,0.0,-21.105530599999994,0
210.4638792000478,0.0,-21.105530599999994,0
210.51390090002678,-0.00523372856400453,-21.105792399999995,2
210.58060470002238,-0.003924813878928844,-21.106054199999996,2
210.64705729996786,0.003939650220078628,-21.105792399999995,1
210.69773010001518,0.0,-21.105792399999995,0
210.76376390003134,0.0,-21.105792399999995,0
210.81432070001028,0.0,-21.105792399999995,0
210.88116280001123,-0.0039166932217317724,-21.106054199999996,2
210.94712470006198,0.003968957834728351,-21.105792399999995,1
210.99759090004954,-0.010375261068378156,-21.106315999999996,2
211.0638943000231,0.007897030924641644,-21.105792399999995,1
211.11470559996087,-0.005152397209293926,-21.106054199999996,2
211.18192100001033,0.0038949407398802195,-21.105792399999995,1
211.2470310999779,-0.008041763109883129,-21.106315999999996,2
211.29751830000896,0.005185472750300171,-21.106054199999996,1
211.3637069000397,0.00395536391279557,-21.105792399999995,1
211.41439499997068,0.0,-21.105792399999995,0
211.481278100051,0.0,-21.105792399999995,0
211.54709869995713,0.0,-21.105792399999995,0
211.59743780002464,0.0,-21.105792399999995,0
211.66368170001078,0.0,-21.105792399999995,0
211.7142980999779,0.0,-21.105792399999995,0
211.78132910002023,0.0,-21.105792399999995,0
211.84707829996478,0.0,-21.105792399999995,0
211.89732930005994,0.0,-21.105792399999995,0
211.96367720002308,0.0,-21.105792399999995,0
212.01432299998123,0.0,-21.105792399999995,0
212.0812649000436,0.0,-21.105792399999995,0
212.14710229996126,0.0,-21.105792399999995,0
212.21424949995708,0.0,-21.105792399999995,0
212.2642664000159,0.0,-21.105792399999995,0
212.33038840000518,-0.003959347872758064,-21.106054199999996,2
212.3805269000586,0.0052215363387613165,-21.105792399999995,1
212.44717850000598,-0.003927887705722769,-21.106054199999996,2
212.49726039997768,0.0,-21.106054199999996,0
212.5638234000653,0.003933115990195089,-21.105792399999995,1
212.6142312999582,-0.005193630374530483,-21.106054199999996,2
212.6823661000235,0.0,-21.106054199999996,0
212.74721750000026,-0.004036921332366263,-21.106315999999996,2
212.81416870001704,0.003910310792553494,-21.106054199999996,1
212.882204500027,-0.007695948308439131,-21.106577799999997,2
212.94720709999092,0.008055062417359309,-21.106054199999996,1
212.99728300003335,-0.005228063794723121,-21.106315999999996,2
213.0638292999938,0.0,-21.106315999999996,0
213.11409709998406,0.005208105388554311,-21.106054199999996,1
213.16438129998278,-0.010412813567947599,-21.106577799999997,2
213.2307054999983,0.003947277161861849,-21.106315999999996,1
213.28219679999165,0.0,-21.106315999999996,0
213.3471916000126,0.0,-21.106315999999996,0
213.39729840005748,0.0,-21.106315999999996,0
213.46391040005255,0.0,-21.106315999999996,0
213.51396420004312,0.0,-21.106315999999996,0
213.5805338000646,0.0,-21.106315999999996,0
213.63144839997403,0.0,-21.106315999999996,0
213.68233890004922,0.0,-21.106315999999996,0
213.74720310000703,0.0,-21.106315999999996,0
213.79726989998017,0.0,-21.106315999999996,0
213.8639435999794,0.0,-21.106315999999996,0
213.93051970005035,0.0,-21.106315999999996,0
213.98054190003313,0.0,-21.106315999999996,0
214.04721220000647,0.0,-21.106315999999996,0
214.0972326999763,0.0,-21.106315999999996,0
214.1473687000107,0.0,-21.106315999999996,0
214.19913670001552,0.0,-21.106315999999996,0
214.2638327999739,0.0,-21.106315999999996,0
214.31394220003858,0.0,-21.106315999999996,0
214.38061240001116,0.0,-21.106315999999996,0
214.43066429998726,0.0,-21.106315999999996,0
214.482306699967,0.0,-21.106315999999996,0
214.54720759997144,0.0,-21.106315999999996,0
214.59768400003668,0.0,-21.106315999999996,0
214.66385670006275,0.0,-21.106315999999996,0
214.73064790002536,0.0,-21.106315999999996,0
214.78263819997665,0.0,-21.106315999999996,0
214.847186399973,0.0,-21.106315999999996,0
214.89920610003173,0.0,-21.106315999999996,0
214.96383360004984,0.0,-21.106315999999996,0
215.01383740000892,0.0,-21.106315999999996,0
215.06398009997793,0.0,-21.106315999999996,0
215.13085029996,0.0,-21.106315999999996,0
215.19715300004464,0.0,-21.106315999999996,0
215.24717930005863,0.0,-21.106315999999996,0
215.29914010001812,-0.005038413577237362,-21.106577799999997,2
215.36388700001407,0.004043436828888556,-21.106315999999996,1
215.41589980002027,0.0,-21.106315999999996,0
215.48049970006105,0.004052637849822547,-21.106054199999996,1
215.5305067000445,0.0,-21.106054199999996,0
215.5806281999685,0.0,-21.106054199999996,0
215.64721480000298,0.0,-21.106054199999996,0
215.69725870003458,0.0,-21.106054199999996,0
215.7637019000249,0.0,-21.106054199999996,0
215.8137529999949,0.0,-21.106054199999996,0
215.8812515999889,0.0,-21.106054199999996,0
215.94707510003354,0.0,-21.106054199999996,0
216.01371720002498,0.0,-21.106054199999996,0
216.081394799985,0.0,-21.106054199999996,0
216.14704960002564,0.0,-21.106054199999996,0
216.19706030003726,0.0,-21.106054199999996,0
216.26367849996313,0.0,-21.106054199999996,0
216.31374759995379,0.0,-21.106054199999996,0
216.38146730000153,-0.0038659356112832146,-21.106315999999996,2
216.4324837999884,0.005131673087478918,-21.106054199999996,1
216.49828389997128,-0.003978717358607592,-21.106315999999996,2
216.5636956000235,0.004002342085453229,-21.106054199999996,1
216.61374679999426,0.0,-21.106054199999996,0
216.6812436999753,0.003878696652342475,-21.105792399999995,1
216.73233549995348,0.0,-21.105792399999995,0
216.7982050999999,-0.003974519350587809,-21.106054199999996,2
216.8636748000281,0.0039987963880585954,-21.105792399999995,1
216.91372239997145,0.0,-21.105792399999995,0
216.98032380000222,0.0,-21.105792399999995,0
217.03222040005494,0.0,-21.105792399999995,0
217.13218800001778,0.0,-21.105792399999995,0
217.1982132999692,0.0,-21.105792399999995,0
217.26362149999477,-0.004002556252850572,-21.106054199999996,2
217.31370379996952,0.0,-21.106054199999996,0
217.38045900000725,0.0,-21.106054199999996,0
217.43069670000114,-0.005211225833027013,-21.106315999999996,2
217.48241830000188,-0.005061715028077654,-21.106577799999997,2
217.54712899995502,0.008091397564532178,-21.106054199999996,1
217.59723549999762,-0.005224871020274972,-21.106315999999996,2
217.647431600024,0.005215544631205827,-21.106054199999996,1
217.7160062000621,-0.0038177400940650457,-21.106315999999996,2
217.78079630003776,0.008081481587414743,-21.105792399999995,1
217.84710670006461,-0.007896197275057668,-21.106315999999996,2
217.897289799992,0.005216895735393936,-21.106054199999996,1
217.94735020003282,0.0052296825392230805,-21.105792399999995,1
218.01576330000535,-0.0038267524802284405,-21.106054199999996,2
218.08234289998654,0.003932135369902177,-21.105792399999995,1
218.1471126000397,0.0,-21.105792399999995,0
218.19715080002788,0.0,-21.105792399999995,0
218.26399700006004,0.0,-21.105792399999995,0
218.31594100000802,0.0,-21.105792399999995,0
218.3804599000141,0.0,-21.105792399999995,0
218.43049709999468,0.0,-21.105792399999995,0
218.48247940000147,0.0,-21.105792399999995,0
218.54716590000317,0.0,-21.105792399999995,0
218.59725690004416,0.0,-21.105792399999995,0
218.66395680001006,0.0,-21.105792399999995,0
218.73052870004904,0.0,-21.105792399999995,0
218.79719810001552,0.0,-21.105792399999995,0
218.86378440004773,0.0,-21.105792399999995,0
218.9138095000526,0.0,-21.105792399999995,0
218.96383490005974,0.0,-21.105792399999995,0
219.03050240001176,0.0,-21.105792399999995,0
219.09714149998035,0.0,-21.105792399999995,0
219.16434380004648,0.0,-21.105792399999995,0
219.2305857000174,0.0,-21.105792399999995,0
219.2806234000018,0.0,-21.105792399999995,0
219.34712190006394,0.0,-21.105792399999995,0
219.39716469997074,0.0,-21.105792399999995,0
219.463790699956,0.0,-21.105792399999995,0
219.5139135000063,0.0,-21.105792399999995,0
219.58229289995506,0.0,-21.105792399999995,0
219.6471326999599,0.0,-21.105792399999995,0
219.69730869994964,0.0,-21.105792399999995,0
219.76392860000487,0.0,-21.105792399999995,0
219.81617490004282,0.0,-21.105792399999995,0
219.88238359999377,0.0,-21.105792399999995,0
219.94725029997062,0.0,-21.105792399999995,0
219.99934910004959,0.0,-21.105792399999995,0
220.06385429995134,0.0,-21.105792399999995,0
220.114063099958,0.0,-21.105792399999995,0
220.16475240001455,0.0,-21.105792399999995,0
220.23060680006165,0.0,-21.105792399999995,0
220.28062740003224,0.0,-21.105792399999995,0
220.34718919999432,0.0,-21.105792399999995,0
220.41387239994947,0.0,-21.105792399999995,0
220.48049500002526,0.0,-21.105792399999995,0
220.53049769997597,0.0,-21.105792399999995,0
220.58052980003413,0.0,-21.105792399999995,0
220.6470334000187,0.0,-21.105792399999995,0
220.69834230002016,0.0,-21.105792399999995,0
220.76387070002966,0.0,-21.105792399999995,0
220.81490730005316,-0.005129652051261483,-21.106054199999996,2
220.8803154999623,0.004002556259974433,-21.105792399999995,1
220.93161880003754,-0.005102985570442587,-21.106054199999996,2
220.99834090005606,0.003923737411252316,-21.105792399999995,1
221.06368480005767,0.0,-21.105792399999995,0
221.11503510002512,0.0,-21.105792399999995,0
221.1803315000143,0.0,-21.105792399999995,0
221.2317000000039,0.0,-21.105792399999995,0
221.29887639998924,0.0,-21.105792399999995,0
221.3636819999665,-0.004039774341906489,-21.106054199999996,2
221.41512210003566,0.0050894146715894295,-21.105792399999995,1
221.48034859995823,0.0,-21.105792399999995,0
221.5316536000464,0.0,-21.105792399999995,0
221.59845709998626,0.0,-21.105792399999995,0
221.66392740001902,0.0,-21.105792399999995,0
221.7150259000482,0.0,-21.105792399999995,0
221.78032000001986,0.0,-21.105792399999995,0
221.8318221999798,0.0,-21.105792399999995,0
221.89842660003342,0.0,-21.105792399999995,0
221.96370810002554,0.0,-21.105792399999995,0
222.01499349996448,0.0,-21.105792399999995,0
222.08036520006135,0.0,-21.105792399999995,0
222.13164759997744,0.0,-21.105792399999995,0
222.19843109999783,0.0,-21.105792399999995,0
222.26371279999148,0.0,-21.105792399999995,0
222.31505219999235,0.0,-21.105792399999995,0
222.38058440003078,-0.0039949826168885,-21.106054199999996,2
222.44711639999878,0.003934948598057306,-21.105792399999995,1
222.49725630006287,-0.005221390542568504,-21.106054199999996,2
222.56378239998594,0.0,-21.106054199999996,0
222.61467569996603,0.005144095590233366,-21.105792399999995,1
222.6804364999989,0.00398109511850701,-21.105530599999994,1
222.73061940004118,0.0,-21.105530599999994,0
222.79713800002355,-0.00393574128242888,-21.105792399999995,2
222.84729159995914,0.0,-21.105792399999995,0
222.89933849999215,0.005030078637419509,-21.105530599999994,1
222.9637579000555,0.0,-21.105530599999994,0
223.03052749997005,0.0039209460643023445,-21.105268799999994,1
223.09713410004042,0.0,-21.105268799999994,0
223.14713830000255,0.0,-21.105268799999994,0
223.1972165000625,0.0,-21.105268799999994,0
223.26376700005494,0.0,-21.105268799999994,0
223.31389980006497,0.0,-21.105268799999994,0
223.38047950004693,0.0,-21.105268799999994,0
223.43058599997312,0.0,-21.105268799999994,0
223.4807010999648,0.0,-21.105268799999994,0
223.54730960004963,0.0,-21.105268799999994,0
223.5979861000087,0.0,-21.105268799999994,0
223.6637469000416,0.0,-21.105268799999994,0
223.71380010002758,0.0,-21.105268799999994,0
223.78052589995787,0.003923519842003246,-21.105006999999993,1
223.84716360003222,0.0,-21.105006999999993,0
223.89718960004393,-0.00523327869385332,-21.105268799999994,2
223.94738999998663,0.005215097893619284,-21.105006999999993,1
224.0138240000233,0.0,-21.105006999999993,0
224.0638748999918,0.0,-21.105006999999993,0
224.1305144999642,0.0,-21.105006999999993,0
224.19727040000726,0.0,-21.105006999999993,0
224.2637767000124,0.0,-21.105006999999993,0
224.3162095999578,0.0,-21.105006999999993,0
224.38048559997696,0.0,-21.105006999999993,0
224.430499900016,0.0,-21.105006999999993,0
224.48051160003524,0.0,-21.105006999999993,0
224.53260180004872,0.0,-21.105006999999993,0
224.59770779998507,0.0,-21.105006999999993,0
224.6637800000608,0.0,-21.105006999999993,0
224.71402499999385,0.0,-21.105006999999993,0
224.78040699998382,0.0,-21.105006999999993,0
224.83263479999732,0.0,-21.105006999999993,0
224.89930249995086,0.0,-21.105006999999993,0
224.96379419998266,0.0,-21.105006999999993,0
225.03041700005997,0.0,-21.105006999999993,0
225.0804609999759,0.0,-21.105006999999993,0
225.1307805000106,0.0,-21.105006999999993,0
225.1971642000135,0.0,-21.105006999999993,0
225.24734410003293,0.0,-21.105006999999993,0
225.31384359998628,0.0,-21.105006999999993,0
225.36387630004901,0.0,-21.105006999999993,0
225.41396979999263,0.0,-21.105006999999993,0
225.4804812000366,-0.003936167331118407,-21.105268799999994,2
225.53061649994925,0.0052218696299036835,-21.105006999999993,1
225.5971212000586,0.0,-21.105006999999993,0
225.6472016000189,0.0,-21.105006999999993,0
225.69851749995723,-0.00510173260752608,-21.105268799999994,2
225.74918769998476,0.0,-21.105268799999994,0
225.81530370004475,0.0,-21.105268799999994,0
225.88031459995545,0.0,-21.105268799999994,0
225.93195260001812,0.0,-21.105268799999994,0
225.99857729999349,0.0,-21.105268799999994,0
226.06364910001867,0.0,-21.105268799999994,0
226.1155323999701,0.0,-21.105268799999994,0
226.1805488000391,0.0,-21.105268799999994,0
226.23198859998956,0.0,-21.105268799999994,0
226.29881019995082,0.0,-21.105268799999994,0
226.36391349998303,0.0,-21.105268799999994,0
226.4156229000073,0.0,-21.105268799999994,0
226.48029370000586,0.0,-21.105268799999994,0
226.53180530003738,0.0,-21.105268799999994,0
226.597107199952,0.0,-21.105268799999994,0
226.6636348000029,0.0,-21.105268799999994,0
226.71558920003008,0.0,-21.105268799999994,0
226.7804154000478,0.0,-21.105268799999994,0
226.83199570002034,0.0,-21.105268799999994,0
226.8969960999675,0.0,-21.105268799999994,0
226.94903600006364,-0.005030755238122607,-21.105530599999994,2
227.01551459997427,0.0,-21.105530599999994,0
227.08058970002457,0.0,-21.105530599999994,0
227.14878799999133,0.0,-21.105530599999994,0
227.21541309996974,0.0,-21.105530599999994,0
227.28028740000445,-0.004035496334602467,-21.105792399999995,2
227.33178140001837,0.0,-21.105792399999995,0
227.39721950003877,0.004000727403735445,-21.105530599999994,1
227.46377539995592,-0.003933535574245125,-21.105792399999995,2
227.51387530006468,0.0,-21.105792399999995,0
227.58046660001855,0.0,-21.105792399999995,0
227.63175549998414,0.0,-21.105792399999995,0
227.69724250002764,0.0,-21.105792399999995,0
227.7638055999996,0.0,-21.105792399999995,0
227.81383150001056,0.0,-21.105792399999995,0
227.86417259997688,0.0,-21.105792399999995,0
227.9305562999798,-0.003943739200865565,-21.106054199999996,2
227.9971147000324,0.003933387818714172,-21.105792399999995,1
228.0637908000499,0.0,-21.105792399999995,0
228.11386789998505,0.0,-21.105792399999995,0
228.16485050006304,0.0,-21.105792399999995,0
228.23052660003304,0.0,-21.105792399999995,0
228.29727470001671,0.0,-21.105792399999995,0
228.34728740004357,0.0,-21.105792399999995,0
228.41395780001767,0.0,-21.105792399999995,0
228.48042210005224,0.0,-21.105792399999995,0
228.5305886999704,0.0052186115947085825,-21.105530599999994,1
228.59725530003197,0.0,-21.105530599999994,0
228.66393459995743,0.0,-21.105530599999994,0
228.73060570005327,0.003926738866219978,-21.105268799999994,1
228.7971552000381,0.0,-21.105268799999994,0
228.84717780002393,0.0,-21.105268799999994,0
228.89731250004843,0.0,-21.105268799999994,0
228.96388010005467,0.0,-21.105268799999994,0
229.03067500004545,0.0,-21.105268799999994,0
229.09720540000126,0.0,-21.105268799999994,0
229.16437000001315,0.0,-21.105268799999994,0
229.23044149996713,0.0039623740974907085,-21.105006999999993,1
229.28046599996742,0.0,-21.105006999999993,0
229.33066239999607,-0.005215513460139723,-21.105268799999994,2
229.38084999995772,0.005216427966271976,-21.105006999999993,1
229.44714199996088,0.0,-21.105006999999993,0
229.4972582999617,-0.0052238493263823,-21.105268799999994,2
229.54731239995454,0.005230340772032711,-21.105006999999993,1
229.59736789995804,0.0,-21.105006999999993,0
229.66373450006358,-0.003944755337529339,-21.105268799999994,2
229.71391249995213,0.0,-21.105268799999994,0
229.78048840002157,0.003932353895733224,-21.105006999999993,1
229.8307362999767,-0.0052101679917715095,-21.105268799999994,2
229.89709250000305,0.0,-21.105268799999994,0
229.94723709998652,0.005220901155584222,-21.105006999999993,1
229.99730859999545,-0.005228523210875075,-21.105268799999994,2
230.06375860003754,0.0,-21.105268799999994,0
230.13050630001817,0.0,-21.105268799999994,0
230.19713770004455,-0.003929078480961632,-21.105530599999994,2
230.24714890005998,0.005234827397047266,-21.105268799999994,1
230.29729290003888,0.0,-21.105268799999994,0
230.36382500000764,0.0,-21.105268799999994,0
230.41395600000396,0.0,-21.105268799999994,0
230.48040240001865,0.0,-21.105268799999994,0
230.53060299996287,0.0,-21.105268799999994,0
230.58061830000952,0.0,-21.105268799999994,0
230.64887410006486,0.0,-21.105268799999994,0
230.71373529999983,0.0,-21.105268799999994,0
230.7638372000074,0.0,-21.105268799999994,0
230.81570220005233,-0.005047720038045331,-21.105530599999994,2
230.88027249998413,0.0,-21.105530599999994,0
230.93069279997144,0.0,-21.105530599999994,0
230.9970102000516,0.0,-21.105530599999994,0
231.048808200052,-0.005054249198770054,-21.105792399999995,2
231.11560390004888,0.003919413974436276,-21.105530599999994,1
231.18028760002926,0.0,-21.105530599999994,0
231.23051360005047,0.0,-21.105530599999994,0
231.29700520006008,0.0,-21.105530599999994,0
231.34881240001414,0.0,-21.105530599999994,0
231.41370659996755,0.0,-21.105530599999994,0
231.48024639999494,0.0,-21.105530599999994,0
231.53051049995702,0.0,-21.105530599999994,0
231.59704380005132,0.0,-21.105530599999994,0
231.64883900003042,0.0,-21.105530599999994,0
231.71549450000748,-0.003927657884047105,-21.105792399999995,2
231.7806367999874,0.0,-21.105792399999995,0
231.84874319995288,0.0,-21.105792399999995,0
231.91558959998656,0.0,-21.105792399999995,0
231.98027000005823,0.0,-21.105792399999995,0
232.03032270004041,0.0,-21.105792399999995,0
232.08035399997607,0.0,-21.105792399999995,0
232.14857910003047,0.0,-21.105792399999995,0
232.19877160002943,0.0,-21.105792399999995,0
232.26362149999477,0.0,-21.105792399999995,0
232.31548550003208,0.0,-21.105792399999995,0
232.38053429999854,0.0,-21.105792399999995,0
232.44738270004746,-0.00391632409763654,-21.106054199999996,2
232.51370670006145,0.0039472890649654545,-21.105792399999995,1
232.56374020001385,0.0,-21.105792399999995,0
232.61537560005672,0.0,-21.105792399999995,0
232.68040489999112,0.0,-21.105792399999995,0
232.74728380003944,0.0,-21.105792399999995,0
232.81378189998213,0.0,-21.105792399999995,0
232.88038790004794,0.0,-21.105792399999995,0
232.93059810006525,0.0,-21.105792399999995,0
232.99705230002292,0.0,-21.105792399999995,0
233.04722149996087,0.0,-21.105792399999995,0
233.11381819995586,0.0,-21.105792399999995,0
233.16502019995824,0.0,-21.105792399999995,0
233.23035450000316,0.0,-21.105792399999995,0
233.28036820003763,0.0,-21.105792399999995,0
233.33041619998403,0.0,-21.105792399999995,0
233.39703989995178,0.0,-21.105792399999995,0
233.44717010005843,0.0,-21.105792399999995,0
233.51391750003677,0.0,-21.105792399999995,0
233.58042390004266,0.0,-21.105792399999995,0
233.6314494999824,0.0,-21.105792399999995,0
233.69705690001138,0.0,-21.105792399999995,0
233.74741800001357,0.0,-21.105792399999995,0
233.8138076000614,0.0,-21.105792399999995,0
233.86412539996672,0.0,-21.105792399999995,0
233.93042300001252,0.0,-21.105792399999995,0
233.99705090001225,0.0,-21.105792399999995,0
234.04735710006207,0.0,-21.105792399999995,0
234.1138066999847,0.0,-21.105792399999995,0
234.16526359994896,0.0,-21.105792399999995,0
234.23061199998483,0.0,-21.105792399999995,0
234.29714290006086,0.0,-21.105792399999995,0
234.34726049995515,0.0,-21.105792399999995,0
234.41378249996342,0.0,-21.105792399999995,0
234.46381210000254,0.0,-21.105792399999995,0
234.53040799999144,0.0,-21.105792399999995,0
234.59715960000176,0.0,-21.105792399999995,0
234.6637240999844,0.0,-21.105792399999995,0
234.71375520003494,0.0,-21.105792399999995,0
234.76381669996772,0.0,-21.105792399999995,0
234.83044439996593,0.0,-21.105792399999995,0
234.88085800001863,0.0,-21.105792399999995,0
234.94718919997104,0.0,-21.105792399999995,0
235.01397229998838,-0.003920153450977857,-21.106054199999996,2
235.08043900004122,-0.007877628941766726,-21.106577799999997,2
235.13053560000844,0.0,-21.106577799999997,0
235.1806501999963,0.0,-21.106577799999997,0
235.24701050005388,0.007890259681553222,-21.106054199999996,1
235.297181300004,-0.010436349440718109,-21.106577799999997,2
235.36373440001626,0.0,-21.106577799999997,0
235.41382590006106,0.0052264356181358895,-21.106315999999996,1
235.480553100002,0.0,-21.106315999999996,0
235.5469410000369,-0.0039434897001167975,-21.106577799999997,2
235.59701340005267,0.0,-21.106577799999997,0
235.64702350005973,0.0052349425408678655,-21.106315999999996,1
235.7137179999845,-0.003925361166142184,-21.106577799999997,2
235.76376380003057,0.0,-21.106577799999997,0
235.830357800005,-0.003931285102269341,-21.106839599999997,2
235.89694510004483,0.00393168066348102,-21.106577799999997,1
235.94701790006366,-0.005228387465881228,-21.106839599999997,2
236.01369709998835,0.00392626186720412,-21.106577799999997,1
236.08027849998325,0.003932029065475407,-21.106315999999996,1
236.13034799997695,0.0,-21.106315999999996,0
236.1969152999809,-0.003932861930474156,-21.106577799999997,2
236.2469336000504,0.0104681686357294,-21.106054199999996,1
236.29699850000907,0.0,-21.106054199999996,0
236.34902560000774,-0.005031992942268615,-21.106315999999996,2
236.41360800003167,0.0040537360008758554,-21.106054199999996,1
236.46364189998712,-0.005232452401933449,-21.106315999999996,2
236.51378230005503,-0.0052213384744727795,-21.106577799999997,2
236.58027260005474,-0.00393741643519621,-21.106839599999997,2
236.63077359995805,-0.0051840557711979015,-21.107101399999998,2
236.6968884000089,0.003959779047938233,-21.106839599999997,1
236.74702999996953,0.0,-21.106839599999997,0
236.81564759998582,-0.003815347664998855,-21.107101399999998,2
236.8802430999931,-0.004052913902214987,-21.107363199999998,2
236.9304262000369,-0.0052168957232917226,-21.107625,2
236.99716320005246,-0.003922861380327908,-21.1078868,2
237.0489469000604,-0.005055644922240616,-21.1081486,2
237.14896639995277,-0.003838287582825408,-21.1084104,2
237.21575019997545,0.003920112361247867,-21.1081486,1
237.28024600003846,-0.004059179043351889,-21.1084104,2
237.33035950001795,0.0,-21.1084104,0
237.39697889995296,0.003929786222262708,-21.1081486,1
237.46379159996286,-0.003918416707619792,-21.1084104,2
237.51381659996696,0.0,-21.1084104,0
237.58035229996312,0.003934729776872958,-21.1081486,1
237.63310390000697,0.0,-21.1081486,0
237.6970187999541,0.00409607149845487,-21.1078868,1
237.7471623000456,0.0,-21.1078868,0
237.81389230000786,-0.003923272892972476,-21.1081486,2
237.8803804999916,0.0,-21.1081486,0
237.94736970006488,0.0,-21.1081486,0
238.01407210004982,0.0,-21.1081486,0
238.080382599961,0.0,-21.1081486,0
238.14703190000728,0.0,-21.1081486,0
238.19704020000063,0.0,-21.1081486,0
238.263737799949,0.0,-21.1081486,0
238.31386520003434,0.0,-21.1081486,0
238.38043949997518,0.003932448410762802,-21.1078868,1
238.4469971000217,0.0,-21.1078868,0
238.49709509999957,0.0,-21.1078868,0
238.54721570003312,-0.005223401152914117,-21.1081486,2
238.59744499996305,0.005212097328954243,-21.1078868,1
238.66376689996105,0.0,-21.1078868,0
238.73045160004403,-0.00392593802887613,-21.1081486,2
238.78056460001972,0.005224193325624999,-21.1078868,1
238.8472687000176,0.0,-21.1078868,0
238.91378259996418,0.0,-21.1078868,0
238.9805275000399,0.0,-21.1078868,0
239.04711040004622,0.0,-21.1078868,0
239.09727020002902,0.0,-21.1078868,0
239.165328699979,0.0,-21.1078868,0
239.23046690004412,0.0,-21.1078868,0
239.28058520006016,0.0,-21.1078868,0
239.34711610001978,0.0,-21.1078868,0
239.41377930005547,0.0,-21.1078868,0
239.4637848000275,0.0,-21.1078868,0
239.53043589997105,0.0,-21.1078868,0
239.58056340005714,0.0,-21.1078868,0
239.63222949998453,0.0,-21.1078868,0
239.6972589000361,0.0,-21.1078868,0
239.7638059000019,0.0,-21.1078868,0
239.81407239998225,-0.005208240082407314,-21.1081486,2
239.86417580000125,0.005225194296210127,-21.1078868,1
239.93077279999852,-0.0039311080080291876,-21.1081486,2
239.99727880000137,0.0,-21.1081486,0
240.06401570001617,-0.003922867258472158,-21.1084104,2
240.13049580005463,0.003938020548232303,-21.1081486,1
240.1973413999658,-0.003916488151020852,-21.1084104,2
240.2639133000048,0.0,-21.1084104,0
240.33057069999631,0.0,-21.1084104,0
240.39697380003054,0.0,-21.1084104,0
240.4471337000141,0.0,-21.1084104,0
240.49780350003857,0.0,-21.1084104,0
240.56383470003493,0.0,-21.1084104,0
240.6303017999744,0.0,-21.1084104,0
240.69710700004362,0.0,-21.1084104,0
240.76363449997734,0.0,-21.1084104,0
240.83023510000203,0.0,-21.1084104,0
240.8968889999669,0.0,-21.1084104,0
240.94693440000992,0.0,-21.1084104,0
241.01354880002327,0.0,-21.1084104,0
241.06357160001062,0.0,-21.1084104,0
241.11357779998798,0.0,-21.1084104,0
241.16389920003712,0.0,-21.1084104,0
241.23023009998724,0.0,-21.1084104,0
241.29690930002835,0.0,-21.1084104,0
241.34699240000919,0.0,-21.1084104,0
241.4135540999705,0.0,-21.1084104,0
241.4637151999632,0.0,-21.1084104,0
241.53026869997848,0.0,-21.1084104,0
241.59698969998863,0.0,-21.1084104,0
241.64717420004308,0.0,-21.1084104,0
241.71356659999583,0.0,-21.1084104,0
241.76365810004063,0.0,-21.1084104,0
241.81394260004163,0.0,-21.1084104,0
241.88021580001805,0.0,-21.1084104,0
241.93029669998214,0.0,-21.1084104,0
241.99689569999464,0.0,-21.1084104,0
242.04694569995627,0.0,-21.1084104,0
242.14705190004315,0.0,-21.1084104,0
242.21353129995987,0.0,-21.1084104,0
242.2635834000539,0.0,-21.1084104,0
242.33023379999213,0.0,-21.1084104,0
242.38039890001528,0.0,-21.1084104,0
242.4304746000562,0.0,-21.1084104,0
242.48050870001316,-0.005232431486228963,-21.1086722,2
242.53079039999284,0.005206665647856197,-21.1084104,1
242.5984961000504,0.0,-21.1084104,0
242.66373020003084,0.0040132384761724935,-21.1081486,1
242.71394950000104,-0.005213135192154791,-21.1084104,2
242.78050910006277,0.0,-21.1084104,0
242.8305220999755,-0.005234639002996399,-21.1086722,2
242.89706570003182,0.00393426264551994,-21.1084104,1
242.94722910004202,-0.010437888976693625,-21.108934,2
243.01382959994953,0.003930901425118055,-21.1086722,1
243.08059629995842,0.003921116364372727,-21.1084104,1
243.13123639998958,-0.0051698160121901315,-21.1086722,2
243.19713660003617,-0.007945347656452568,-21.109195800000002,2
243.24716889997944,0.0,-21.109195800000002,0
243.31372049998026,0.007867579442020031,-21.1086722,1
243.3805256000487,-0.007837724956081317,-21.109195800000002,2
243.44728810002562,0.00392136304198571,-21.108934,1
243.5138319999678,-0.00786848983084673,-21.109457600000002,2
243.58051190001424,0.003926220642467585,-21.109195800000002,1
243.63291889999527,0.004995515868009252,-21.108934,1
243.69742610002868,0.004058461688996444,-21.1086722,1
243.76384689996485,0.0,-21.1086722,0
243.81387239997275,0.005233331000362419,-21.1084104,1
243.88045509997755,-0.007863904587261319,-21.108934,2
243.93066700000782,0.010427806947843553,-21.1084104,1
243.99711919995025,0.00393967393444909,-21.1081486,1
244.0472168000415,-0.005225799230365374,-21.1084104,2
244.11382079997566,-0.003930694857047626,-21.1086722,2
244.16536199999973,-0.015238294793934286,-21.109457600000002,2
244.23045999999158,0.008043257858391351,-21.108934,1
244.2804846999934,0.010466829385903738,-21.1084104,1
244.34731740003917,-0.003917244100876833,-21.1086722,2
244.41380149999168,-0.0039377836232577235,-21.108934,2
244.46384650003165,0.0,-21.108934,0
244.53049519995693,0.0,-21.108934,0
244.5805407000007,0.005231239567413222,-21.1086722,1
244.6325566000305,0.00503307642182506,-21.1084104,1
244.69725229998585,0.0,-21.1084104,0
244.76393280003686,0.003926185313543515,-21.1081486,1
244.81399060005788,0.0,-21.1081486,0
244.86499270005152,-0.005133121970127767,-21.1084104,2
244.93065390002448,0.0,-21.1084104,0
244.99721229996067,-0.003933387825593944,-21.1086722,2
245.0472760000266,-0.005229337816724199,-21.108934,2
245.09728480002377,0.005235078626459269,-21.1086722,1
245.1660181999905,-0.007617839365627669,-21.109195800000002,2
245.23060799995437,0.004053271571462493,-21.108934,1
245.28065099997912,0.005231500906631398,-21.1086722,1
245.33072089997586,-0.010457380582626765,-21.109195800000002,2
245.39710960001685,0.003943442179743899,-21.108934,1
245.4471200000262,0.0,-21.108934,0
245.49728380003944,-0.005218902872805513,-21.109195800000002,2
245.54731910000555,0.010464611991026877,-21.1086722,1
245.6138106000144,-0.00787469074889721,-21.109195800000002,2
245.68032659997698,0.0,-21.109195800000002,0
245.7304896999849,0.010437951400876666,-21.1086722,1
245.7969896000577,0.003936848021024786,-21.1084104,1
245.86364430002868,0.0,-21.1084104,0
245.91389910003636,0.0,-21.1084104,0
245.96411239996087,0.0,-21.1084104,0
246.03029310004786,0.0,-21.1084104,0
246.09687600005418,-0.003931940482843706,-21.1086722,2
246.14709610003047,0.005213052146921667,-21.1084104,1
246.1971584999701,0.005229473623231865,-21.1081486,1
246.24716340005398,-0.005235486913499723,-21.1084104,2
246.3135419000173,0.0,-21.1084104,0
246.36366170004476,0.0,-21.1084104,0
246.4302083000075,0.0,-21.1084104,0
246.48028939997312,0.0,-21.1084104,0
246.54691050003748,0.007859371873086987,-21.1078868,1
246.6014527999796,-0.004799944268537487,-21.1081486,2
246.66356929996982,0.004214661161546433,-21.1078868,1
246.73033579997718,0.0,-21.1078868,0
246.79684379999526,0.0,-21.1078868,0
246.8469326000195,0.0,-21.1078868,0
246.91356060002,0.0,-21.1078868,0
246.96360969997477,0.0,-21.1078868,0
247.03022990003228,0.0,-21.1078868,0
247.08026069996413,0.0,-21.1078868,0
247.13136670005042,0.0,-21.1078868,0
247.19694289995823,0.0039923020908203335,-21.107625,1
247.26351670001168,0.0,-21.107625,0
247.3303149000276,0.0,-21.107625,0
247.3805767999729,0.0,-21.107625,0
247.44719880004413,0.0,-21.107625,0
247.51386269996874,0.0,-21.107625,0
247.56386810005642,0.0,-21.107625,0
247.62419909995515,0.0,-21.107625,0
247.680539199966,0.0,-21.107625,0
247.73054290004075,0.0,-21.107625,0
247.78055270004552,0.0,-21.107625,0
247.84723499999382,0.0,-21.107625,0
247.91390250006225,0.0,-21.107625,0
247.9805759000592,0.0,-21.107625,0
248.03058140003122,0.0,-21.107625,0
248.08068749995437,0.0,-21.107625,0
248.15229680004995,0.0,-21.107625,0
248.21391289995518,0.0,-21.107625,0
248.26394660002552,0.0,-21.107625,0
248.31405010004528,0.0,-21.107625,0
248.3806378999725,0.0,-21.107625,0
248.43067859997973,0.0,-21.107625,0
248.4973098000046,0.0,-21.107625,0
248.5473119999515,0.0,-21.107625,0
248.5973534999648,0.0,-21.107625,0
248.66397770005278,0.0,-21.107625,0
248.7139901999617,0.0,-21.107625,0
248.76406910002697,0.0,-21.107625,0
248.81409410003107,0.0,-21.107625,0
248.88068089995068,0.0,-21.107625,0
248.93068450002465,0.0,-21.107625,0
248.98070279997773,0.0,-21.107625,0
249.03071229998022,0.0,-21.107625,0
249.09734119998757,0.0,-21.107625,0
249.14737629995216,0.0,-21.107625,0
249.21404019999318,0.0,-21.107625,0
249.2640645999927,0.0,-21.107625,0
249.31414170004427,0.0,-21.107625,0
249.3807712000562,0.0,-21.107625,0
249.44745300000068,0.0,-21.107625,0
249.51408490003087,0.0,-21.107625,0
249.56409180001356,0.0,-21.107625,0
249.6168966999976,0.0,-21.107625,0
249.68078299995977,0.0,-21.107625,0
249.74750990001485,0.0,-21.107625,0
249.8141277000541,0.0,-21.107625,0
249.88079239998478,0.0,-21.107625,0
249.930859999964,0.0,-21.107625,0
249.99748949997593,0.0,-21.107625,0
250.06412130000535,0.0,-21.107625,0
250.11425450001843,0.0,-21.107625,0
250.16578809998464,0.0,-21.107625,0
250.23084350000136,0.0,-21.107625,0
250.29760040005203,0.0,-21.107625,0
250.36399340000935,0.0,-21.107625,0
250.43068470002618,0.0,-21.107625,0
250.4806873999769,-0.0052357172764284496,-21.1078868,2
250.54736309999134,0.0,-21.1078868,0
250.61423559999093,0.0,-21.1078868,0
250.68027700006496,0.0,-21.1078868,0
250.746940299985,0.0,-21.1078868,0
250.81350030004978,0.0,-21.1078868,0
250.86353029997554,0.0,-21.1078868,0
250.93029399996158,0.0,-21.1078868,0
250.99685220001265,0.0,-21.1078868,0
251.06354650005233,0.0,-21.1078868,0
251.1137761999853,0.0,-21.1078868,0
251.1649136999622,0.0,-21.1078868,0
251.23021319997497,0.0,-21.1078868,0
251.28027119999751,0.0,-21.1078868,0
251.34696900006384,0.0,-21.1078868,0
251.41353819996584,0.0,-21.1078868,0
251.4636874999851,0.0,-21.1078868,0
251.5136932999594,0.0,-21.1078868,0
251.58027340006083,0.0,-21.1078868,0
251.6308594000293,0.0,-21.1078868,0
251.6967971000122,0.0,-21.1078868,0
251.74693520006258,0.0,-21.1078868,0
251.81350789999124,0.0,-21.1078868,0
251.8635992000345,0.0,-21.1078868,0
251.93020399997476,0.0,-21.1078868,0
251.980309400009,0.0,-21.1078868,0
252.04706120002083,0.0,-21.1078868,0
252.14697380003054,0.0,-21.1078868,0
252.21362070005853,0.0,-21.1078868,0
252.26383870001882,0.0,-21.1078868,0
252.33035279996693,0.0,-21.1078868,0
252.3808252000017,0.0,-21.1078868,0
252.44749359996058,0.0,-21.1078868,0
252.51410709996708,0.0,-21.1078868,0
252.5641714000376,0.0,-21.1078868,0
252.63080030004494,0.0,-21.1078868,0
252.69748640002217,0.0,-21.1078868,0
252.74757190002128,0.0,-21.1078868,0
252.81410990003496,-0.003934593765159423,-21.1081486,2
252.86416210001335,0.0,-21.1081486,0
252.91417999996338,-0.005234126188055147,-21.1084104,2
252.964388399967,0.0,-21.1084104,0
253.03088069998194,-0.003937298002041822,-21.1086722,2
253.08088370005134,0.005235685851580767,-21.1084104,1
253.131879499997,0.005133756118718216,-21.1081486,1
253.19756520004012,0.003985646797220709,-21.1078868,1
253.26425290002953,0.0,-21.1078868,0
253.31433700001799,0.0,-21.1078868,0
253.36435509996954,0.0,-21.1078868,0
253.43090210005175,0.0,-21.1078868,0
253.48092760005966,0.0,-21.1078868,0
253.54757990001235,0.0,-21.1078868,0
253.5996199999936,0.0,-21.1078868,0
253.66422090004198,0.0,-21.1078868,0
253.71424849994946,0.0,-21.1078868,0
253.76431879994925,0.0,-21.1078868,0
253.83096509997267,0.0,-21.1078868,0
253.88096670003142,0.0,-21.1078868,0
253.9476337999804,0.0,-21.1078868,0
254.01427120005246,0.003928724705898862,-21.107625,1
254.06432080001105,-0.005230811039781353,-21.1078868,2
254.11439570004586,0.0,-21.1078868,0
254.16669570002705,0.010011472278935812,-21.107363199999998,1
254.2310210999567,-0.004069931944244247,-21.107625,2
254.2811036000494,-0.005227374821853934,-21.1078868,2
254.33113489998505,0.010465448642617958,-21.107363199999998,1
254.39770880003925,0.0,-21.107363199999998,0
254.44771340000443,0.0,-21.107363199999998,0
254.5143509999616,0.0,-21.107363199999998,0
254.56437999999616,0.0,-21.107363199999998,0
254.61443189997226,0.0,-21.107363199999998,0
254.68158510001376,0.0,-21.107363199999998,0
254.74779179994948,0.0,-21.107363199999998,0
254.81438029999845,0.0,-21.107363199999998,0
254.86438739998266,-0.0052352565952163855,-21.107625,2
254.91443050000817,0.005231490452561327,-21.107363199999998,1
254.98109600006137,0.0,-21.107363199999998,0
255.0311483000405,-0.005230528868984921,-21.107625,2
255.09784750000108,-0.00785016912211174,-21.1081486,2
255.149958300055,0.005023910585312239,-21.1078868,1
255.21446249994915,0.004058650451127646,-21.107625,1
255.2644667000277,-0.0052355602047180535,-21.1078868,2
255.33118360000663,0.003924043234662978,-21.107625,1
255.39773670001887,0.0,-21.107625,0
255.46433129999787,0.0,-21.107625,0
255.5143614000408,0.0,-21.107625,0
255.58025740005542,0.0,-21.107625,0
255.63156510004774,0.0,-21.107625,0
255.697132900008,0.0,-21.107625,0
255.76355400006287,0.0,-21.107625,0
255.8135679999832,0.0,-21.107625,0
255.86363509995863,0.0,-21.107625,0
255.93032120005228,0.0,-21.107625,0
255.99683179997373,0.0,-21.107625,0
256.0468512000516,0.0,-21.107625,0
256.09690690005664,0.0,-21.107625,0
256.1642272999743,-0.0038888657868967045,-21.1078868,2
256.230121999979,0.0039730054159325505,-21.107625,1
256.2802012000466,0.0,-21.107625,0
256.346986599965,0.0,-21.107625,0
256.4134864000371,0.0,-21.107625,0
256.48018660000525,0.0,-21.107625,0
256.530189699959,0.0,-21.107625,0
256.5803569999989,0.0,-21.107625,0
256.6310086000012,0.0,-21.107625,0
256.697205799981,0.0,-21.107625,0
256.76350859995,0.0,-21.107625,0
256.8301280000014,0.0,-21.107625,0
256.88020879996475,0.0,-21.107625,0
256.9302827999927,-0.005228262169065926,-21.1078868,2
256.99689930002205,0.00392995729113198,-21.107625,1
257.0633606000338,0.0,-21.107625,0
257.14687930000946,0.0,-21.107625,0
257.21343869995326,0.0,-21.107625,0
257.26351389999036,0.0,-21.107625,0
257.33010490005836,0.0,-21.107625,0
257.3810464000562,0.0,-21.107625,0
257.4310470999917,0.0,-21.107625,0
257.4810526999645,0.0,-21.107625,0
257.53105840005446,0.0,-21.107625,0
257.5810644000303,0.0,-21.107625,0
257.64776990003884,0.0,-21.107625,0
257.69836769998074,0.0,-21.107625,0
257.76586649997625,0.0,-21.107625,0
257.83122060005553,0.0,-21.107625,0
257.8977726000594,0.0,-21.107625,0
257.947780800052,0.0,-21.107625,0
257.99781860003714,0.0,-21.107625,0
258.0478343999712,0.0,-21.107625,0
258.11442470003385,0.0,-21.107625,0
258.1644598999992,0.0,-21.107625,0
258.21446379995905,0.0,-21.107625,0
258.281273300061,0.0,-21.107625,0
258.34788200003095,0.0,-21.107625,0
258.39793560002,0.0,-21.107625,0
258.4645025000209,0.0,-21.107625,0
258.51451000000816,0.0,-21.107625,0
258.58119110006373,0.0,-21.107625,0
258.6333827000344,0.0,-21.107625,0
258.69845000002533,0.0,-21.107625,0
258.7657607999863,0.0,-21.107625,0
258.8313297999557,0.0,-21.107625,0
258.897925300058,0.0,-21.107625,0
258.96454790001735,0.0,-21.107625,0
259.0145802999614,0.0,-21.107625,0
259.06459039996844,0.0,-21.107625,0
259.13128229998983,0.0,-21.107625,0
259.1813012000639,0.0,-21.107625,0
259.24798049998935,0.0,-21.107625,0
259.29806629999075,0.0,-21.107625,0
259.3646199000068,0.0,-21.107625,0
259.41462639998645,0.0,-21.107625,0
259.48128309997264,0.0,-21.107625,0
259.53128660004586,-0.005235633497988409,-21.1078868,2
259.58135590003803,0.0052287529492307805,-21.107625,1
259.6339796000393,0.0,-21.107625,0
259.69859200005885,0.0,-21.107625,0
259.7655644000042,0.0,-21.107625,0
259.83133359998465,0.0,-21.107625,0
259.8813991000643,0.0,-21.107625,0
259.94739250000566,0.0,-21.107625,0
259.99803789996076,-0.005169275002904384,-21.1078868,2
260.0646720000077,0.0,-21.1078868,0
260.1147235999815,0.0,-21.1078868,0
260.1664395000553,-0.00506227291078006,-21.1081486,2
260.2313689000439,0.0,-21.1081486,0
260.2814189000055,0.005230769234779365,-21.1078868,1
260.33147330000065,0.0,-21.1078868,0
260.3979130999651,0.0,-21.1078868,0
260.44796560006216,0.0,-21.1078868,0
260.51455710001756,0.0,-21.1078868,0
260.56458879995625,0.0,-21.1078868,0
260.61497090000194,0.0,-21.1078868,0
260.6800546000013,0.0,-21.1078868,0
260.7302028000122,0.0,-21.1078868,0
260.796868299949,0.0,-21.1078868,0
260.8469967000419,0.0,-21.1078868,0
260.91356979997363,0.0,-21.1078868,0
260.9800532000372,0.003937825077381675,-21.107625,1
261.03016890003346,0.0,-21.107625,0
261.09673059999477,0.0,-21.107625,0
261.1471863000188,0.0,-21.107625,0
261.2136290000053,0.0,-21.107625,0
261.2800838999683,0.0,-21.107625,0
261.3303170000436,0.0,-21.107625,0
261.39682480006013,0.0,-21.107625,0
261.4469531000359,0.0,-21.107625,0
261.5135095999576,0.0,-21.107625,0
261.5801709999796,0.0,-21.107625,0
261.6303478999762,0.0,-21.107625,0
261.69684900005814,-0.00393677698079249,-21.1078868,2
261.7470560000511,0.005214412333673641,-21.107625,1
261.81354260002263,0.0,-21.107625,0
261.8636035999516,-0.005229619871185974,-21.1078868,2
261.9136303999694,0.0,-21.1078868,0
261.9638846999733,0.0,-21.1078868,0
262.03026719996706,0.0,-21.1078868,0
262.1479605999775,0.0,-21.1078868,0
262.21345429995563,0.0,-21.1078868,0
262.28015680005774,0.0,-21.1078868,0
262.33022500004154,0.0,-21.1078868,0
262.3813329000259,0.0,-21.1078868,0
262.43133799999487,0.0,-21.1078868,0
262.4980019000359,0.0,-21.1078868,0
262.54800579999574,0.0,-21.1078868,0
262.59809340001084,0.0,-21.1078868,0
262.6646662000567,0.0,-21.1078868,0
262.71533979999367,0.0,-21.1078868,0
262.7814863000531,0.0,-21.1078868,0
262.84806750004645,0.0,-21.1078868,0
262.8980948999524,0.0,-21.1078868,0
262.9647340000374,0.0,-21.1078868,0
263.03136370005086,0.0,-21.1078868,0
263.0814444000134,0.0,-21.1078868,0
263.14807979995385,0.0,-21.1078868,0
263.19810090004466,0.0,-21.1078868,0
263.24810730002355,0.0,-21.1078868,0
263.2982985000126,0.0,-21.1078868,0
263.3647441000212,0.0,-21.1078868,0
263.4147831000155,0.0,-21.1078868,0
263.4814202999696,0.0,-21.1078868,0
263.5314292999683,0.0,-21.1078868,0
263.5815002999734,0.0,-21.1078868,0
263.63401110004634,0.0,-21.1078868,0
263.6981443000259,0.0,-21.1078868,0
263.7482492000563,0.0,-21.1078868,0
263.798256100039,0.0,-21.1078868,0
263.8648006999865,0.0,-21.1078868,0
263.91485149995424,0.0,-21.1078868,0
263.9649504000554,0.0,-21.1078868,0
264.03151480003726,0.0,-21.1078868,0
264.0815262000542,0.0,-21.1078868,0
264.1482143000467,0.00392573787571687,-21.107625,1
264.21487699996214,-0.003927233675383298,-21.1078868,2
264.26490119996015,0.005233467002179633,-21.107625,1
264.3149443999864,-0.005231479998533038,-21.1078868,2
264.38158759998623,0.0039283827907531455,-21.107625,1
264.4482711000601,0.0,-21.107625,0
264.51490459998604,0.003928954659306731,-21.107363199999998,1
264.58158430003095,0.0,-21.107363199999998,0
264.63409639999736,-0.004985517626746586,-21.107625,2
264.69824609998614,0.0040810791016296305,-21.107363199999998,1
264.7483545000432,0.0,-21.107363199999998,0
264.79837159998715,-0.00523420990608037,-21.107625,2
264.8649325000588,0.00393324008116235,-21.107363199999998,1
264.9149654000066,0.0,-21.107363199999998,0
264.96497640002053,0.0,-21.107363199999998,0
265.0316327000037,0.0,-21.107363199999998,0
265.081636399962,0.0,-21.107363199999998,0
265.14830260002054,0.0,-21.107363199999998,0
265.214952899958,0.0,-21.107363199999998,0
265.2649580000434,0.0,-21.107363199999998,0
265.31506020005327,0.0,-21.107363199999998,0
265.3651057999814,0.0,-21.107363199999998,0
265.4314398999559,-0.003946688054872331,-21.107625,2
265.4815790000139,0.0,-21.107625,0
265.54816390003543,0.0,-21.107625,0
265.59839249996,0.0,-21.107625,0
265.66346760001034,0.00402304414127077,-21.107363199999998,1
265.7302049000282,-0.007845687492001705,-21.1078868,2
265.7968855999643,0.003926173544231338,-21.107625,1
265.8634937000461,-0.007860905796097252,-21.1081486,2
265.93028920004144,0.003919425710088585,-21.1078868,1
265.9967888999963,-0.003936859868204692,-21.1081486,2
266.06347369996365,0.007851864296758656,-21.107625,1
266.11364410002716,0.0,-21.107625,0
266.1802841000026,-0.003928571430018684,-21.1078868,2
266.2468743000645,0.003931509437674025,-21.107625,1
266.2969202999957,-0.00523118731487141,-21.1078868,2
266.3470837000059,0.0,-21.1078868,0
266.4134795999853,-0.003943014554832985,-21.1081486,2
266.46358490001876,0.0,-21.1081486,0
266.5301424000645,0.0039334410069497595,-21.1078868,1
266.58030210004654,-0.005219329463568961,-21.1081486,2
266.6316186999902,0.0,-21.1081486,0
266.6968084999826,0.004015965688353874,-21.1078868,1
266.746819699998,-0.005234827397047266,-21.1081486,2
266.79691320005804,-0.005226226949330215,-21.1084104,2
266.8635142999701,0.0,-21.1084104,0
266.913671300048,0.0,-21.1084104,0
266.9802306999918,0.0,-21.1084104,0
267.0468360000523,0.0,-21.1084104,0
267.1468610999873,0.0,-21.1084104,0
267.1968876000028,0.0,-21.1084104,0
267.2469902000157,0.0,-21.1084104,0
267.3135900000343,0.0,-21.1084104,0
267.36504850001074,0.0,-21.1084104,0
267.4316184000345,0.0,-21.1084104,0
267.4816294000484,0.0,-21.1084104,0
267.5483148000203,0.0,-21.1084104,0
267.60056090005673,0.0,-21.1084104,0
267.6650759000331,0.0,-21.1084104,0
267.7318929999601,0.0,-21.1084104,0
267.78302089998033,0.0,-21.1084104,0
267.8483602000633,0.0,-21.1084104,0
267.91505509999115,0.0,-21.1084104,0
267.98169389995746,0.0,-21.1084104,0
268.04839749995153,0.0,-21.1084104,0
268.11503660003655,0.0,-21.1084104,0
268.1650554999942,0.0,-21.1084104,0
268.2150976000121,0.0,-21.1084104,0
268.2818437999813,0.0,-21.1084104,0
268.34842249995563,0.0,-21.1084104,0
268.39847570005804,0.0,-21.1084104,0
268.46512279997114,0.0,-21.1084104,0
268.5317703000037,0.0,-21.1084104,0
268.58179279998876,0.0,-21.1084104,0
268.6342126999516,0.0,-21.1084104,0
268.69843049999326,0.0,-21.1084104,0
268.74854629999027,0.0,-21.1084104,0
268.7985622000415,0.0,-21.1084104,0
268.86516459996346,0.0,-21.1084104,0
268.91522790002637,0.0,-21.1084104,0
268.98184659995604,0.0,-21.1084104,0
269.04849109996576,0.0,-21.1084104,0
269.0984977000626,0.0,-21.1084104,0
269.16762580000795,0.0,-21.1084104,0
269.23186030006036,0.0,-21.1084104,0
269.2818798000226,0.0,-21.1084104,0
269.3319177000085,0.0,-21.1084104,0
269.3985287999967,0.0,-21.1084104,0
269.4485534999985,0.0,-21.1084104,0
269.49855869996827,0.0,-21.1084104,0
269.54856520006433,0.0,-21.1084104,0
269.59866210003383,0.0,-21.1084104,0
269.66520960000344,0.0,-21.1084104,0
269.7318450000603,0.0,-21.1084104,0
269.7822471000254,0.0,-21.1084104,0
269.8485767999664,0.0,-21.1084104,0
269.8986267000437,0.0,-21.1084104,0
269.9652772999834,0.0,-21.1084104,0
270.01528539997526,0.0,-21.1084104,0
270.06529719999526,0.0,-21.1084104,0
270.13192940002773,0.0,-21.1084104,0
270.1819400000386,0.0,-21.1084104,0
270.2486265000189,0.0,-21.1084104,0
270.2987133000279,0.0,-21.1084104,0
270.3653621999547,0.0,-21.1084104,0
270.43179109995253,0.0,-21.1084104,0
270.4984512999654,0.0,-21.1084104,0
270.54846680001356,0.0,-21.1084104,0
270.6156126999995,0.0,-21.1084104,0
270.6804009999614,0.0,-21.1084104,0
270.7304033000255,0.0,-21.1084104,0
270.79820139997173,0.0,-21.1084104,0
270.8638178999536,0.0,-21.1084104,0
270.9304740000516,0.0,-21.1084104,0
270.9972476999974,0.0,-21.1084104,0
271.06373920000624,0.0,-21.1084104,0
271.11378330003936,0.0,-21.1084104,0
271.1648345000576,0.0,-21.1084104,0
271.2304749999894,0.0,-21.1084104,0
271.2971697000321,-0.003925349388067122,-21.1086722,2
271.3637274999637,0.0,-21.1086722,0
271.4137840999756,-0.005230079548707656,-21.108934,2
271.4804776000092,0.0,-21.108934,0
271.54708080005366,0.003930742063821994,-21.1086722,1
271.5973224999616,-0.010421621898931211,-21.109195800000002,2
271.66377290000673,0.0039397806457470855,-21.108934,1
271.7138485000469,-0.005228095115986968,-21.109195800000002,2
271.76389659999404,0.0,-21.109195800000002,0
271.8147191000171,0.0,-21.109195800000002,0
271.8805062000174,0.0,-21.109195800000002,0
271.93059600004926,0.0,-21.109195800000002,0
271.99708300002385,0.0,-21.109195800000002,0
272.04714519996196,0.0,-21.109195800000002,0
272.14712410001084,0.0,-21.109195800000002,0
272.1971655000234,-0.00523166817743487,-21.109457600000002,2
272.2637759000063,0.0,-21.109457600000002,0
272.31391300004907,-0.010443364286192905,-21.109981200000004,2
272.36547069996595,0.005077806039098824,-21.109719400000003,1
272.43194449995644,0.0,-21.109719400000003,0
272.48195859999396,-0.005234523860343903,-21.109981200000004,2
272.53198019997217,-0.005233739027021343,-21.110243000000004,2
272.60058389999904,-0.0038161207033652954,-21.110504800000005,2
272.6652984999819,-0.004045454967958372,-21.110766600000005,2
272.73215709999204,-0.00391572662245695,-21.111028400000006,2
272.79866890003905,0.003936143658944145,-21.110766600000005,1
272.8486690999707,-0.005235979063238848,-21.111028400000006,2
272.89869689999614,0.0,-21.111028400000006,0
272.9653604000341,0.0,-21.111028400000006,0
273.03224810003303,0.0,-21.111028400000006,0
273.0986872999929,0.0,-21.111028400000006,0
273.14870520005934,0.005234126175872859,-21.110766600000005,1
273.19874899997376,0.005231417287410359,-21.110504800000005,1
273.2655265000649,-0.00784096438599119,-21.111028400000006,2
273.3320903000422,0.00786613745276774,-21.110504800000005,1
273.39876310003456,0.007853277499368268,-21.109981200000004,1
273.46548480005004,0.0,-21.109981200000004,0
273.53209049999714,-0.003930594531818047,-21.110243000000004,2
273.5821098999586,0.005233969223975792,-21.109981200000004,1
273.6488704000367,0.003921480511586544,-21.109719400000003,1
273.7154647000134,0.0,-21.109719400000003,0
273.7655347000109,0.01568603954541944,-21.108934,1
273.8155465000309,-0.005234764593461846,-21.109195800000002,2
273.88211620005313,-0.003932720140132572,-21.109457600000002,2
273.93213520001154,-0.01570203324042932,-21.110243000000004,2
273.98215840000194,0.0,-21.110243000000004,0
274.0321793999756,0.005233801806000756,-21.109981200000004,1
274.098829900031,0.0,-21.109981200000004,0
274.1488698000321,0.0,-21.109981200000004,0
274.2154800000135,0.0,-21.109981200000004,0
274.26551329996437,-0.005232515150050198,-21.110243000000004,2
274.31561060005333,0.0,-21.110243000000004,0
274.3821474000579,0.0,-21.110243000000004,0
274.43223789997865,0.0052265399709345295,-21.109981200000004,1
274.4988374999957,0.00393095453925993,-21.109719400000003,1
274.54886189999525,-0.01046689215672609,-21.110243000000004,2
274.59888870001305,0.020932780022454262,-21.109195800000006,1
274.64894860005006,0.0,-21.109195800000006,0
274.71553749998566,-0.003931586199099417,-21.109457600000006,2
274.76563909999095,0.0,-21.109457600000006,0
274.83286089997273,0.011683709752087464,-21.108672200000004,1
274.89890539995395,0.007927987949774937,-21.108148600000003,1
274.9656284999801,0.0,-21.108148600000003,0
275.03223050001543,0.003930812886415772,-21.107886800000003,1
275.0823003000114,0.005228700734195331,-21.107625000000002,1
275.1488614999689,0.0,-21.107625000000002,0
275.19888200005516,0.0,-21.107625000000002,0
275.24889020004775,0.0,-21.107625000000002,0
275.29896869999357,-0.005227792371642202,-21.107886800000003,2
275.36552840005606,0.003933310993802168,-21.107625000000002,1
275.4320392999798,-0.011808590785878731,-21.108410400000004,2
275.4821685999632,-0.005222494630620939,-21.108672200000004,2
275.5487832999788,0.007860126967127562,-21.108148600000003,1
275.6140936999582,0.0040085499412461836,-21.107886800000003,1
275.6806585000595,0.01966504816370355,-21.106577800000004,1
275.73070279997773,0.04708228517233859,-21.104221600000002,1
275.7973091000458,0.03144447293813067,-21.1021272,1
275.84774570004083,0.005190675026189385,-21.1018654,1
275.91403420001734,-0.031595223918812844,-21.103959800000002,2
275.98069840006065,-0.007854290603650296,-21.104483400000003,2
276.04733279999346,0.00392890159233048,-21.104221600000002,1
276.1139372000471,0.007861342487560465,-21.103698,1
276.16577279998455,-0.005050583003105618,-21.103959800000002,2
276.2306644000346,-0.004034420476581704,-21.104221600000002,2
276.2974336000625,0.0,-21.104221600000002,0
276.3640714000212,0.0,-21.104221600000002,0
276.4306531000184,0.0,-21.104221600000002,0
276.48086340003647,0.0,-21.104221600000002,0
276.5473157999804,0.0,-21.104221600000002,0
276.59743279998656,0.0,-21.104221600000002,0
276.64744149998296,0.0,-21.104221600000002,0
276.7140048999572,0.0,-21.104221600000002,0
276.76415059994906,-0.005220786628615767,-21.104483400000003,2
276.81416139996145,-0.005234869266941419,-21.104745200000004,2
276.864538099966,-0.005196846954570033,-21.105007000000004,2
276.930824900046,0.007899008541191388,-21.104483400000003,1
276.99741680000443,-0.00786281815546313,-21.105007000000004,2
277.0640683999518,-0.019639438528613842,-21.106316000000003,2
277.1473076000111,0.0,-21.106316000000003,0
277.19732759997714,0.010467812881960022,-21.105792400000002,1
277.24733679997735,0.0,-21.105792400000002,0
277.29750700003933,0.010436474228787245,-21.1052688,1
277.36558019998483,-0.0038458600478542475,-21.1055306,2
277.41563199996017,0.01046116224107861,-21.105007,1
277.48224969999865,0.0,-21.105007,0
277.5489230999956,-0.003926603413235272,-21.1052688,2
277.59895080002025,0.0,-21.1052688,0
277.64895609999076,0.005235445045913248,-21.105007,1
277.7156115999678,0.0,-21.105007,0
277.7657388000516,0.0,-21.105007,0
277.81574920006096,0.0,-21.105007,0
277.8830522999633,0.0,-21.105007,0
277.94902479997836,0.0,-21.105007,0
278.01568019995466,0.0,-21.105007,0
278.06580670003314,0.0,-21.105007,0
278.132339600008,0.0,-21.105007,0
278.1823651000159,0.0,-21.105007,0
278.24902580003254,0.0,-21.105007,0
278.29913950001355,0.0,-21.105007,0
278.3657166999765,0.0,-21.105007,0
278.43238949996885,0.0,-21.105007,0
278.4990582000464,0.0,-21.105007,0
278.5490718999645,-0.005234565737566937,-21.1052688,2
278.5991189000197,-0.005231082776414914,-21.1055306,2
278.64926269999705,0.005220984451080973,-21.1052688,1
278.7157021999592,-0.003940427007264811,-21.1055306,2
278.7658487999579,0.005220692928469712,-21.1052688,1
278.815859299968,0.0,-21.1052688,0
278.88006810005754,0.0,-21.1052688,0
278.9324990999885,-0.00998645840608771,-21.105792400000002,2
278.99912020005286,0.003929685936543493,-21.1055306,1
279.06573989999015,0.0,-21.1055306,0
279.11577340005897,0.0,-21.1055306,0
279.1824328999501,-0.00392742220430227,-21.105792400000002,2
279.23251200001687,-0.010455459449183746,-21.106316000000003,2
279.29920939996373,0.003925190490312679,-21.106054200000003,1
279.3492265000241,0.005234209893897691,-21.105792400000002,1
279.4157957000425,0.0,-21.105792400000002,0
279.4824565000599,-0.003927345605387267,-21.106054200000003,2
279.549141400028,-0.003925926261046447,-21.106316000000003,2
279.5992690999992,-0.005222661325981796,-21.106577800000004,2
279.6492888999637,0.01046785473695583,-21.106054200000003,1
279.71584770001937,0.0,-21.106054200000003,0
279.7659665000392,0.0,-21.106054200000003,0
279.8159871000098,0.0,-21.106054200000003,0
279.88257789995987,0.0,-21.106054200000003,0
279.9492431000108,-0.003927086392901121,-21.106316000000003,2
279.9993147000205,0.0,-21.106316000000003,0
280.0494076999603,0.0052262791271152995,-21.106054200000003,1
280.1159429999534,-0.007869506864087803,-21.106577800000004,2
280.18259340000805,0.00392795841863473,-21.106316000000003,1
280.2326010999968,0.005235193781332201,-21.106054200000003,1
280.2826018000487,-0.005235926691591816,-21.106316000000003,2
280.33263680001255,0.0,-21.106316000000003,0
280.3991207999643,0.0,-21.106316000000003,0
280.4657779999543,0.0,-21.106316000000003,0
280.51578679995146,0.0,-21.106316000000003,0
280.5809171999572,0.0,-21.106316000000003,0
280.6476069999626,0.0,-21.106316000000003,0
280.714207299985,0.0,-21.106316000000003,0
280.76437580003403,0.0,-21.106316000000003,0
280.83090359997004,0.0,-21.106316000000003,0
280.89668989996426,0.0,-21.106316000000003,0
280.9476790999761,0.0,-21.106316000000003,0
281.0141930000391,-0.003936019384700467,-21.106577800000004,2
281.0642056999495,0.0,-21.106577800000004,0
281.1142191999825,0.005234586658153077,-21.106316000000003,1
281.1810195000144,0.0,-21.106316000000003,0
281.24759549996816,0.003932347996000619,-21.106054200000003,1
281.2977272999706,0.0,-21.106054200000003,0
281.3642215,0.0,-21.106054200000003,0
281.4142407999607,0.0,-21.106054200000003,0
281.4642485999502,0.0,-21.106054200000003,0
281.5142520000227,0.0,-21.106054200000003,0
281.56446220004,0.0,-21.106054200000003,0
281.63106719998177,-0.003930635841586463,-21.106316000000003,2
281.6976126000518,0.0,-21.106316000000003,0
281.74786700005643,0.0052094940935692325,-21.106054200000003,1
281.8144251999911,-0.003933399645077585,-21.106316000000003,2
281.8810017000651,0.0,-21.106316000000003,0
281.9310965000186,0.0,-21.106316000000003,0
281.9976203000406,0.0,-21.106316000000003,0
282.047668299987,0.0,-21.106316000000003,0
282.1480096000014,0.0,-21.106316000000003,0
282.2143486000132,0.0,-21.106316000000003,0
282.2809254999738,0.0,-21.106316000000003,0
282.33102130005136,0.0,-21.106316000000003,0
282.3825292000547,0.0,-21.106316000000003,0
282.4492254999932,0.0,-21.106316000000003,0
282.5158653999679,0.0,-21.106316000000003,0
282.5659081999911,0.0,-21.106316000000003,0
282.63258029997814,0.0,-21.106316000000003,0
282.6992099999916,0.0,-21.106316000000003,0
282.74929559999146,0.0,-21.106316000000003,0
282.8159226999851,0.0,-21.106316000000003,0
282.88254719995894,0.0,-21.106316000000003,0
282.9325816000346,0.0,-21.106316000000003,0
282.99925470002927,-0.003926621081380204,-21.106577800000004,2
283.0659773000516,0.003923708007667269,-21.106316000000003,1
283.1336018999573,-0.0038713722575088073,-21.106577800000004,2
283.199290700024,0.003985458704286454,-21.106316000000003,1
283.2493544999743,-0.0052293273834572674,-21.106577800000004,2
283.2993946999777,-0.005231793637557257,-21.106839600000004,2
283.3659492000006,0.003933618311457648,-21.106577800000004,1
283.41596610005945,-0.005234230823822351,-21.106839600000004,2
283.46599960001186,0.005232494233844064,-21.106577800000004,1
283.5326428000117,0.0,-21.106577800000004,0
283.58267969998997,0.0,-21.106577800000004,0
283.6493778000586,-0.003925149288071317,-21.106839600000004,2
283.6993978000246,0.0,-21.106839600000004,0
283.7494564000517,0.005229870588833817,-21.106577800000004,1
283.8161295000464,-0.003926621081380204,-21.106839600000004,2
283.88268509996124,-0.003933553304829168,-21.107101400000005,2
283.94936009997036,-0.007853018371628434,-21.107625000000006,2
283.99936420004815,0.0,-21.107625000000006,0
284.0493899000576,0.0,-21.107625000000006,0
284.0994293000549,0.0,-21.107625000000006,0
284.1635569999926,0.008164958364465126,-21.107101400000005,1
284.2161120000528,-0.004981448001140288,-21.107363200000005,2
284.2661160000134,0.0,-21.107363200000005,0
284.3161795999622,0.0,-21.107363200000005,0
284.38278550002724,-0.003930582722316593,-21.107625000000006,2
284.4328406000277,0.005230236279571436,-21.107363200000005,1
284.499473300064,0.0,-21.107363200000005,0
284.5495023999829,-0.005232954429009968,-21.107625000000006,2
284.59954249998555,0.0,-21.107625000000006,0
284.6661766000325,0.003928919274299135,-21.107363200000005,1
284.73281600000337,-0.003928606801897896,-21.107625000000006,2
284.7829601999838,0.0,-21.107625000000006,0
284.84949259995483,-0.003934924940539691,-21.107886800000006,2
284.899501399952,0.0,-21.107886800000006,0
284.94951930001844,0.0,-21.107886800000006,0
284.99954270001035,0.0,-21.107886800000006,0
285.0495562000433,-0.005234586658153077,-21.108148600000007,2
285.09958260005806,0.0,-21.108148600000007,0
285.16367200005334,0.004084918879241676,-21.107886800000006,1
285.21608469996136,-0.004994972601286464,-21.108148600000007,2
285.28269929997623,0.0,-21.108148600000007,0
285.3327854999807,0.0,-21.108148600000007,0
285.3992994000437,0.0,-21.108148600000007,0
285.4658997999504,0.0,-21.108148600000007,0
285.5159042000305,0.0,-21.108148600000007,0
285.5812152000144,0.004008513115163607,-21.107886800000006,1
285.6479242000496,-0.0039245079353895295,-21.108148600000007,2
285.7144783999538,-0.003933636049668224,-21.108410400000007,2
285.7646609999938,-0.005216947702816928,-21.108672200000008,2
285.8146767000435,0.01046871281377092,-21.108148600000007,1
285.8812831999967,0.0,-21.108148600000007,0
285.947935000062,-0.003927875912481049,-21.108410400000007,2
286.01445899996907,0.0,-21.108410400000007,0
286.06447990005836,0.0,-21.108410400000007,0
286.11449770000763,0.0,-21.108410400000007,0
286.1812644000165,-0.003921116364372727,-21.108672200000008,2
286.24805629998446,0.0039196369638484435,-21.108410400000007,1
286.3145985000301,0.0,-21.108410400000007,0
286.38116660004016,0.0,-21.108410400000007,0
286.431266300031,0.0,-21.108410400000007,0
286.49786150001455,0.0,-21.108410400000007,0
286.5478882000316,0.0,-21.108410400000007,0
286.6133314999752,0.0,-21.108410400000007,0
286.6811886000214,0.0,-21.108410400000007,0
286.7312126000179,0.0,-21.108410400000007,0
286.79787250002846,0.0,-21.108410400000007,0
286.8479043999687,0.0,-21.108410400000007,0
286.8980032999534,0.0,-21.108410400000007,0
286.9645459000021,0.0,-21.108410400000007,0
287.0146454999922,0.0,-21.108410400000007,0
287.0812802000437,0.0,-21.108410400000007,0
287.1486495999852,0.0,-21.108410400000007,0
287.21462840004824,0.007935882427383781,-21.107886800000006,1
287.26468340004794,-0.005230246728629683,-21.108148600000007,2
287.33119279996026,0.0,-21.108148600000007,0
287.3994884999702,0.007666661296743516,-21.107625000000006,1
287.4635458999546,0.0,-21.107625000000006,0
287.51613530004397,0.0,-21.107625000000006,0
287.56620020000264,-0.015687637459544868,-21.108410400000007,2
287.6302641000366,0.004086544838220729,-21.108148600000007,1
287.68284280004445,0.0,-21.108148600000007,0
287.7328557999572,0.0,-21.108148600000007,0
287.782882599975,-0.0052331950056135655,-21.108410400000007,2
287.84689799998887,0.0,-21.108410400000007,0
287.8995351999765,0.009947337626674222,-21.107886800000006,1
287.96625519997906,0.0,-21.107886800000006,0
288.0329173000064,0.0,-21.107886800000006,0
288.0995982000604,0.0,-21.107886800000006,0
288.1637893000152,0.004078447014998531,-21.107625000000006,1
288.2162771000294,0.0,-21.107625000000006,0
288.26628229999915,0.0,-21.107625000000006,0
288.316374200047,0.0,-21.107625000000006,0
288.3802304000128,0.0,-21.107625000000006,0
288.4329833999509,0.0,-21.107625000000006,0
288.4969626000384,0.0,-21.107625000000006,0
288.54972000001,0.0,-21.107625000000006,0
288.6138169000624,0.0,-21.107625000000006,0
288.68027799995616,0.0,-21.107625000000006,0
288.73305559996516,0.0,-21.107625000000006,0
288.7969999000197,0.0,-21.107625000000006,0
288.8636575000128,0.0,-21.107625000000006,0
288.9303735999856,0.0,-21.107625000000006,0
288.98306520003825,0.0,-21.107625000000006,0
289.0469886000501,0.0,-21.107625000000006,0
289.0969955000328,0.0,-21.107625000000006,0
289.14983010001015,0.0,-21.107625000000006,0
289.2136118999915,0.0,-21.107625000000006,0
289.26644499995746,0.0,-21.107625000000006,0
289.31650109996554,0.0,-21.107625000000006,0
289.3803330999799,0.0,-21.107625000000006,0
289.44705309998244,0.0,-21.107625000000006,0
289.4991519000614,-0.00502506774826276,-21.107886800000006,2
289.5637051999802,0.0,-21.107886800000006,0
289.6139791000169,-0.0052074734565825485,-21.108148600000007,2
289.66651410004124,0.004983344434730919,-21.107886800000006,1
289.7303168999497,0.0,-21.107886800000006,0
289.78313320002053,0.0,-21.107886800000006,0
289.8491761999903,0.0,-21.107886800000006,0
289.91366730001755,0.0,-21.107886800000006,0
289.9637187999906,0.0,-21.107886800000006,0
290.03037219995167,0.0,-21.107886800000006,0
290.0804227000335,0.0,-21.107886800000006,0
290.13044500001706,0.0,-21.107886800000006,0
290.18081669998355,0.0,-21.107886800000006,0
290.23294440004975,0.0,-21.107886800000006,0
290.29713850002736,0.0,-21.107886800000006,0
290.347173999995,0.0,-21.107886800000006,0
290.4136364000151,-0.0039390693071695276,-21.108148600000007,2
290.46610439999495,0.004989708014418779,-21.107886800000006,1
290.5302848999854,0.0,-21.107886800000006,0
290.5968447000487,0.0,-21.107886800000006,0
290.66351600002963,0.0,-21.107886800000006,0
290.73010869999416,0.0,-21.107886800000006,0
290.7966031000251,0.0,-21.107886800000006,0
290.8466273000231,0.0,-21.107886800000006,0
290.8966331999982,0.0,-21.107886800000006,0
290.94695480004884,0.0,-21.107886800000006,0
291.0148114999756,0.0,-21.107886800000006,0
291.0648594000377,0.0,-21.107886800000006,0
291.130092300009,0.0,-21.107886800000006,0
291.1967500000028,0.0,-21.107886800000006,0
291.26335090002976,0.0,-21.107886800000006,0
291.33007699996233,0.0,-21.107886800000006,0
291.39666119997855,0.0,-21.107886800000006,0
291.4633363999892,0.0,-21.107886800000006,0
291.51335949997883,0.0,-21.107886800000006,0
291.579875000054,0.0,-21.107886800000006,0
291.63162200001534,0.0,-21.107886800000006,0
291.69818860001396,0.0,-21.107886800000006,0
291.76440940005705,0.0,-21.107886800000006,0
291.8315821000142,-0.0038974166613369127,-21.108148600000007,2
291.8967126000207,0.0,-21.108148600000007,0
291.9467429999495,0.005232818453831525,-21.107886800000006,1
292.0148198000388,0.0,-21.107886800000006,0
292.0800125000533,0.0,-21.107886800000006,0
292.13202200003434,0.0,-21.107886800000006,0
292.19662199995946,0.0,-21.107886800000006,0
292.2466826000018,0.0,-21.107886800000006,0
292.29821639996953,0.0,-21.107886800000006,0
292.36404360004235,0.0,-21.107886800000006,0
292.4164743999718,0.0,-21.107886800000006,0
292.48047169996426,-0.004090797581003657,-21.108148600000007,2
292.5471355000045,0.003927168865889619,-21.107886800000006,1
292.59727320005186,0.0,-21.107886800000006,0
292.6637008000398,0.0,-21.107886800000006,0
292.7138355000643,0.0,-21.107886800000006,0
292.76404739997815,0.0,-21.107886800000006,0
292.83049169997685,0.0,-21.107886800000006,0
292.89713699999265,0.0,-21.107886800000006,0
292.96381600003224,0.0,-21.107886800000006,0
293.0138704000274,0.0,-21.107886800000006,0
293.0804441999644,0.0,-21.107886800000006,0
293.1304501000559,-0.005235382215318719,-21.108148600000007,2
293.19710019999184,0.0,-21.108148600000007,0
293.24715720000677,0.005230037755397057,-21.107886800000006,1
293.2973518000217,0.0,-21.107886800000006,0
293.36392899998464,0.0,-21.107886800000006,0
293.43045450001955,0.0,-21.107886800000006,0
293.49696190003306,0.0,-21.107886800000006,0
293.5638149000006,0.0,-21.107886800000006,0
293.6139997000573,0.0,-21.107886800000006,0
293.6803633000236,0.0,-21.107886800000006,0
293.7304863999598,-0.005223140634425659,-21.108148600000007,2
293.7805267999647,0.0,-21.108148600000007,0
293.8469431999838,0.003941797506712088,-21.107886800000006,1
293.89718199998606,0.0,-21.107886800000006,0
293.9637124000583,0.0,-21.107886800000006,0
294.0305888999719,0.0,-21.107886800000006,0
294.0967192000244,0.0,-21.107886800000006,0
294.14745910000056,0.0,-21.107886800000006,0
294.2137474999763,0.0,-21.107886800000006,0
294.2638907999499,0.0,-21.107886800000006,0
294.3301999999676,0.0,-21.107886800000006,0
294.38049550005235,0.0,-21.107886800000006,0
294.44730790005997,0.0,-21.107886800000006,0
294.51363079994917,0.0,-21.107886800000006,0
294.5638469000114,0.0,-21.107886800000006,0
294.61387989996,0.0,-21.107886800000006,0
294.68001290003303,0.0,-21.107886800000006,0
294.73035299999174,0.005200625350660223,-21.107625000000006,1
294.79741280002054,-0.0039039782386401643,-21.107886800000006,2
294.8474408000475,0.0,-21.107886800000006,0
294.9137509999564,0.0,-21.107886800000006,0
294.96381049999036,0.0,-21.107886800000006,0
295.0306138000451,0.0,-21.107886800000006,0
295.0972311999649,0.0,-21.107886800000006,0
295.1634300999576,0.0,-21.107886800000006,0
295.23020580003504,0.0,-21.107886800000006,0
295.28023050003685,0.0,-21.107886800000006,0
295.33024849998765,0.0,-21.107886800000006,0
295.3967566000065,0.0,-21.107886800000006,0
295.44686010002624,0.0,-21.107886800000006,0
295.51332659996115,0.0,-21.107886800000006,0
295.57980169996154,0.0,-21.107886800000006,0
295.6300865999656,0.0,-21.107886800000006,0
295.69648080004845,0.0,-21.107886800000006,0
295.746534600039,0.0,-21.107886800000006,0
295.8131723999977,0.0,-21.107886800000006,0
295.863182400004,0.0,-21.107886800000006,0
295.9298622000497,0.0,-21.107886800000006,0
295.97990050003864,0.0,-21.107886800000006,0
296.0467886000406,0.0,-21.107886800000006,0
296.0969139999943,0.0,-21.107886800000006,0
296.16334520000964,0.0,-21.107886800000006,0
296.2298820000142,0.0,-21.107886800000006,0
296.29660060000606,0.0,-21.107886800000006,0
296.3631644999841,0.0,-21.107886800000006,0
296.41374830005225,0.0,-21.107886800000006,0
296.47983690002,0.0,-21.107886800000006,0
296.5465573000256,0.0,-21.107886800000006,0
296.6132253999822,0.0,-21.107886800000006,0
296.67982089996804,-0.00393119655315481,-21.108148600000007,2
296.73000209999736,0.005217093250998196,-21.107886800000006,1
296.796479200013,-0.003938198265846338,-21.108148600000007,2
296.8465078000445,-0.005233006716860116,-21.108410400000007,2
296.91317099996377,0.003927204219374706,-21.108148600000007,1
296.9798179999925,0.0,-21.108148600000007,0
297.0298251999775,-0.010470492252262025,-21.108672200000008,2
297.08002470002975,0.0,-21.108672200000008,0
297.1464988000225,0.0,-21.108672200000008,0
297.2131205999758,0.003929644653605661,-21.108410400000007,1
297.27988349995576,-0.003921339547542525,-21.108672200000008,2
297.34640130004846,0.007871577220989379,-21.108148600000007,1
297.39669480000157,0.0,-21.108148600000007,0
297.44675190001726,-0.005230027307173773,-21.108410400000007,2
297.5134079999989,0.00392762252925324,-21.108148600000007,1
297.5799809000455,0.0,-21.108148600000007,0
297.6304157000268,0.010381720561875961,-21.107625000000006,1
297.69663340004627,-0.003953625691061275,-21.107886800000006,2
297.76336410001386,0.0,-21.107886800000006,0
297.8299482000293,-0.007863739239224008,-21.108410400000007,2
297.8804294000147,-0.00518608908020951,-21.108672200000008,2
297.9467837000266,0.007890973153303551,-21.108148600000007,1
298.01329140004236,-0.003936386312229132,-21.108410400000007,2
298.0632956000045,0.0,-21.108410400000007,0
298.11366250005085,-0.005197858112352517,-21.108672200000008,2
298.18021589994896,0.003933683333996398,-21.108410400000007,1
298.24685530003626,-0.003928606795034838,-21.108672200000008,2
298.3141261000419,0.0,-21.108672200000008,0
298.379950499977,0.0,-21.108672200000008,0
298.43006379995495,0.0,-21.108672200000008,0
298.49665169999935,0.0,-21.108672200000008,0
298.5633458000375,0.0,-21.108672200000008,0
298.6140648999717,0.005161763523792371,-21.108410400000007,1
298.6803512000479,0.0,-21.108410400000007,0
298.7304163000081,0.0,-21.108410400000007,0
298.79670960002113,0.0,-21.108410400000007,0
298.84719720005523,0.0,-21.108410400000007,0
298.91375549999066,0.0,-21.108410400000007,0
298.96378410002217,0.0,-21.108410400000007,0
299.03000769997016,0.0,-21.108410400000007,0
299.08005370001774,0.0,-21.108410400000007,0
299.14665969996713,0.0,-21.108410400000007,0
299.1967544000363,0.0,-21.108410400000007,0
299.2638271000469,0.0,-21.108410400000007,0
299.3299857999664,0.0,-21.108410400000007,0
299.3799898000434,0.0,-21.108410400000007,0
299.4300387999974,0.0052308737485372665,-21.108148600000007,1
299.49739839998074,0.0,-21.108148600000007,0
299.56333330005873,-0.00397058310076044,-21.108410400000007,2
299.61385059996974,0.005182383073940895,-21.108148600000007,1
299.6805676999502,-0.003924031471342584,-21.108410400000007,2
299.7471918000374,0.0,-21.108410400000007,0
299.79746250004973,0.005207804942755294,-21.108148600000007,1
299.8633107000496,0.0,-21.108148600000007,0
299.91334520000964,0.0,-21.108148600000007,0
299.9639851000393,0.0,-21.108148600000007,0
300.0305262999609,0.0,-21.108148600000007,0
300.0806881999597,0.0,-21.108148600000007,0
300.1472062000539,0.0,-21.108148600000007,0
300.2135019999696,0.0,-21.108148600000007,0
300.2802809999557,0.0,-21.108148600000007,0
300.3472721000435,0.0,-21.108148600000007,0
300.4132966999896,0.0,-21.108148600000007,0
300.4637543000281,-0.005188514709384697,-21.108410400000007,2
300.5300769000314,0.0,-21.108410400000007,0
300.59657160006464,0.0,-21.108410400000007,0
300.6466389000416,0.0,-21.108410400000007,0
300.6967705000425,0.0,-21.108410400000007,0
300.76323369995225,0.0,-21.108410400000007,0
300.829769999953,0.0,-21.108410400000007,0
300.8798688000534,0.0,-21.108410400000007,0
300.92988099996,0.0,-21.108410400000007,0
300.996421799995,0.0,-21.108410400000007,0
301.0465196999721,0.0,-21.108410400000007,0
301.0968134000432,0.0,-21.108410400000007,0
301.16351650003344,0.0,-21.108410400000007,0
301.2298230000306,0.0,-21.108410400000007,0
301.28012160002254,0.0,-21.108410400000007,0
301.34663050004747,0.0,-21.108410400000007,0
301.41321709996555,0.0,-21.108410400000007,0
301.48017130000517,0.0,-21.108410400000007,0
301.54656799999066,0.0,-21.108410400000007,0
301.59672499995213,0.0,-21.108410400000007,0
301.6631763000041,0.0,-21.108410400000007,0
301.71324369998183,0.0,-21.108410400000007,0
301.77978730003815,0.0,-21.108410400000007,0
301.84651850000955,0.0,-21.108410400000007,0
301.9132252000272,0.0,-21.108410400000007,0
301.97996280004736,0.0,-21.108410400000007,0
302.046508600004,0.0,-21.108410400000007,0
302.14645840006415,0.0,-21.108410400000007,0
302.1966565999901,0.0,-21.108410400000007,0
302.2631577999564,0.0,-21.108410400000007,0
302.3133713999996,0.0,-21.108410400000007,0
302.37997570005246,0.0,-21.108410400000007,0
302.42999940004665,0.0,-21.108410400000007,0
302.49709670001175,0.0,-21.108410400000007,0
302.5633666999638,0.0,-21.108410400000007,0
302.61374089994933,0.0,-21.108410400000007,0
302.68023169995286,0.0,-21.108410400000007,0
302.74700750003103,0.0,-21.108410400000007,0
302.797102099983,0.0,-21.108410400000007,0
302.8471426999895,0.0,-21.108410400000007,0
302.91339640005026,0.0,-21.108410400000007,0
302.9800338000059,0.0,-21.108410400000007,0
303.04692170000635,0.0,-21.108410400000007,0
303.0972219000105,0.0,-21.108410400000007,0
303.16338399995584,0.0,-21.108410400000007,0
303.2139454999706,0.0,-21.108410400000007,0
303.2799667000072,0.0,-21.108410400000007,0
303.34874329995364,0.0,-21.108410400000007,0
303.41353360004723,0.0,-21.108410400000007,0
303.463684599963,0.0,-21.108410400000007,0
303.53029030002654,0.0,-21.108410400000007,0
303.5966257000109,0.0,-21.108410400000007,0
303.6469118000241,0.0,-21.108410400000007,0
303.713358100038,-0.003940023747675136,-21.108672200000008,2
303.76335819996893,0.010471979070511568,-21.108148600000007,1
303.8136534000514,-0.005205268088618866,-21.108410400000007,2
303.8800499000354,0.0,-21.108410400000007,0
303.94690039998386,0.0,-21.108410400000007,0
304.0135368000483,0.0,-21.108410400000007,0
304.08018279995304,0.0,-21.108410400000007,0
304.13108610000927,0.0,-21.108410400000007,0
304.1969788999995,0.0,-21.108410400000007,0
304.2470211000182,0.0,-21.108410400000007,0
304.31351999996696,0.0,-21.108410400000007,0
304.38002919999417,0.0,-21.108410400000007,0
304.44695170002524,0.0,-21.108410400000007,0
304.5136545000132,0.0,-21.108410400000007,0
304.5800553000299,0.0,-21.108410400000007,0
304.6301175999688,0.0,-21.108410400000007,0
304.6968300000299,0.0,-21.108410400000007,0
304.74698229995556,0.0,-21.108410400000007,0
304.8137098000152,0.0,-21.108410400000007,0
304.8802446000045,0.0,-21.108410400000007,0
304.9481248999946,0.0,-21.108410400000007,0
305.01324510003906,0.0,-21.108410400000007,0
305.06341239996254,0.0,-21.108410400000007,0
305.1301816999912,0.0,-21.108410400000007,0
305.1965533000184,0.0,-21.108410400000007,0
305.24659110000357,0.0,-21.108410400000007,0
305.31324339995626,0.0,-21.108410400000007,0
305.3798380000517,0.0,-21.108410400000007,0
305.42985109996516,0.0,-21.108410400000007,0
305.47988160001114,0.0,-21.108410400000007,0
305.5300867999904,0.0,-21.108410400000007,0
305.5964623000473,0.0,-21.108410400000007,0
305.64655359997414,0.0,-21.108410400000007,0
305.7131966999732,0.0,-21.108410400000007,0
305.7799016999779,0.0,-21.108410400000007,0
305.84646989998873,0.0,-21.108410400000007,0
305.896479499992,0.0,-21.108410400000007,0
305.9466615000274,0.0,-21.108410400000007,0
306.01305339997634,0.0,-21.108410400000007,0
306.0630895999493,0.0,-21.108410400000007,0
306.1131208000006,0.0,-21.108410400000007,0
306.16316770005506,0.0,-21.108410400000007,0
306.2298171999864,0.003928011466996284,-21.108148600000007,1
306.279836300062,0.0,-21.108148600000007,0
306.34658240003046,0.0,-21.108148600000007,0
306.413135800045,0.0,-21.108148600000007,0
306.4797647000523,-0.003929225906042884,-21.108410400000007,2
306.54657030000817,0.0,-21.108410400000007,0
306.6131998000201,0.0,-21.108410400000007,0
306.66321919998154,0.0,-21.108410400000007,0
306.7300733999582,0.0,-21.108410400000007,0
306.7972208999563,0.0,-21.108410400000007,0
306.8630911000073,0.0,-21.108410400000007,0
306.9131500000367,0.0,-21.108410400000007,0
306.96335750003345,0.0,-21.108410400000007,0
307.02978860004805,0.0,-21.108410400000007,0
307.0798264000332,0.0,-21.108410400000007,0
307.1464259000495,0.0,-21.108410400000007,0
307.1965810999973,0.0,-21.108410400000007,0
307.2630531999748,0.0,-21.108410400000007,0
307.313072900055,0.0,-21.108410400000007,0
307.363336600014,0.0,-21.108410400000007,0
307.4299783000024,0.0,-21.108410400000007,0
307.4801840999862,0.0,-21.108410400000007,0
307.5465804999694,0.0,-21.108410400000007,0
307.5966081999941,0.0,-21.108410400000007,0
307.64689870004077,0.0,-21.108410400000007,0
307.71360540005844,0.0,-21.108410400000007,0
307.77998890005983,0.0,-21.108410400000007,0
307.8301867999835,0.0,-21.108410400000007,0
307.8969808999682,0.0,-21.108410400000007,0
307.9635477999691,0.0,-21.108410400000007,0
308.0300435000099,0.0,-21.108410400000007,0
308.080326700001,0.0,-21.108410400000007,0
308.1471121000359,0.0,-21.108410400000007,0
308.2132581999758,0.0,-21.108410400000007,0
308.26328259997535,0.0,-21.108410400000007,0
308.31329860002734,0.0,-21.108410400000007,0
308.3633037999971,0.0,-21.108410400000007,0
308.41332449996844,0.0,-21.108410400000007,0
308.47988370002713,-0.003933340541490095,-21.108672200000008,2
308.5302212999668,0.005200883639938864,-21.108410400000007,1
308.58034680003766,0.0,-21.108410400000007,0
308.64669349999167,-0.00394593853471946,-21.108672200000008,2
308.7132882999722,0.0,-21.108672200000008,0
308.78007790003903,0.007839543873237747,-21.108148600000007,1
308.8302699000342,-0.010431941346242396,-21.108672200000008,2
308.8966401000507,0.003944541374514071,-21.108410400000007,1
308.94698300003074,0.005200336097123616,-21.108148600000007,1
309.0132958999602,-0.0039479497997892375,-21.108410400000007,2
309.07993360003456,0.0,-21.108410400000007,0
309.12995840003714,-0.005233404231231797,-21.108672200000008,2
309.1803672000533,0.0,-21.108672200000008,0
309.2466286000563,0.0,-21.108672200000008,0
309.2966728999745,0.0,-21.108672200000008,0
309.34706800000276,0.0,-21.108672200000008,0
309.41334019997157,0.0,-21.108672200000008,0
309.47997970005963,0.0,-21.108672200000008,0
309.5300207999535,0.0,-21.108672200000008,0
309.5967557999538,0.0,-21.108672200000008,0
309.6468265999574,0.0,-21.108672200000008,0
309.7133487999672,0.0,-21.108672200000008,0
309.76340140006505,0.0,-21.108672200000008,0
309.81350399996154,0.0,-21.108672200000008,0
309.8636803999543,0.0,-21.108672200000008,0
309.92999920004513,0.0,-21.108672200000008,0
309.98023780004587,0.005211132475748697,-21.108410400000007,1
310.046718699974,0.011813919499419772,-21.107625000000006,1
310.11329430004116,-0.011797114846997723,-21.108410400000007,2
310.164014399983,-0.005161661753432417,-21.108672200000008,2
310.23000239999965,0.003967388008939585,-21.108410400000007,1
310.29661610000767,0.007860244963678079,-21.107886800000006,1
310.36327229999006,-0.003927616636849477,-21.108148600000007,2
310.4300577000249,-0.003920018445099514,-21.108410400000007,2
310.4964783999603,0.0,-21.108410400000007,0
310.54652770003304,0.00523084238180436,-21.108148600000007,1
310.6132360000629,0.0,-21.108148600000007,0
310.6799794000108,0.003922485222575315,-21.107886800000006,1
310.74644390004687,-0.007877889696239078,-21.108410400000007,2
310.81312259996776,0.003926291309078124,-21.108148600000007,1
310.86316790001,0.00523126047358981,-21.107886800000006,1
310.92982089996804,-0.003927805202539658,-21.108148600000007,2
310.99646130006295,0.0,-21.108148600000007,0
311.046474999981,0.0,-21.108148600000007,0
311.11324279999826,0.0,-21.108148600000007,0
311.17979920003563,0.0,-21.108148600000007,0
311.22982979996596,0.0,-21.108148600000007,0
311.2964973000344,0.0,-21.108148600000007,0
311.3631596000632,0.0,-21.108148600000007,0
311.41319380002096,0.0,-21.108148600000007,0
311.4798136999598,0.0,-21.108148600000007,0
311.54649430001155,0.0,-21.108148600000007,0
311.61324540001806,0.0,-21.108148600000007,0
311.6797556000529,0.0,-21.108148600000007,0
311.7297980999574,0.0,-21.108148600000007,0
311.7964610999916,0.0,-21.108148600000007,0
311.8631161999656,0.0,-21.108148600000007,0
311.91314520000014,0.0,-21.108148600000007,0
311.9798382000299,0.0039254494457158845,-21.107886800000006,1
312.0463973999722,0.0,-21.107886800000006,0
312.14647030003835,-0.003967526297415768,-21.108148600000007,2
312.19661480002105,0.005220911567375967,-21.107886800000006,1
312.2630613000365,0.003940011888348465,-21.107625000000006,1
312.31315649999306,0.0,-21.107625000000006,0
312.3632632000372,-0.005224850165136635,-21.107886800000006,2
312.4298693999881,-0.0039305650253722195,-21.108148600000007,2
312.4798840000294,0.010468943059974449,-21.107625000000006,1
312.53009470005054,0.010428056166906724,-21.107101400000005,1
312.5968107000226,0.0,-21.107101400000005,0
312.6469192999648,0.0,-21.107101400000005,0
312.7132185000228,0.0,-21.107101400000005,0
312.76329969998915,0.0,-21.107101400000005,0
312.81332029995974,0.0,-21.107101400000005,0
312.8633616999723,0.0,-21.107101400000005,0
312.93008349998854,0.0,-21.107101400000005,0
312.99664519994985,0.0,-21.107101400000005,0
313.0632193000056,0.0,-21.107101400000005,0
313.11325960000977,0.0,-21.107101400000005,0
313.16340910003055,0.0,-21.107101400000005,0
313.23027279996313,0.0,-21.107101400000005,0
313.29696489998605,0.0,-21.107101400000005,0
313.363707200042,0.0,-21.107101400000005,0
313.42994770000223,0.0,-21.107101400000005,0
313.49655060004443,0.0,-21.107101400000005,0
313.5466351000359,0.0,-21.107101400000005,0
313.6133295999607,0.0,-21.107101400000005,0
313.66341300006025,0.0,-21.107101400000005,0
313.7301021000603,0.0,-21.107101400000005,0
313.796822699951,0.0,-21.107101400000005,0
313.86361490003765,0.0,-21.107101400000005,0
313.9299529000418,0.0,-21.107101400000005,0
313.98000680003315,0.0,-21.107101400000005,0
314.0466112999711,0.0,-21.107101400000005,0
314.11319940001704,0.0,-21.107101400000005,0
314.16387819999363,0.0,-21.107101400000005,0
314.2299428000115,0.0,-21.107101400000005,0
314.29657989996485,0.0,-21.107101400000005,0
314.3468163999496,0.0,-21.107101400000005,0
314.41320990002714,0.0,-21.107101400000005,0
314.4634665000485,0.0,-21.107101400000005,0
314.53011689998675,0.0,-21.107101400000005,0
314.5965696000494,0.0,-21.107101400000005,0
314.6468652000185,0.0,-21.107101400000005,0
314.713239200064,0.0,-21.107101400000005,0
314.763329599984,0.0,-21.107101400000005,0
314.82998899999075,0.0,-21.107101400000005,0
314.8965796000557,0.0,-21.107101400000005,0
314.9467765999725,0.0,-21.107101400000005,0
315.013206899981,0.0,-21.107101400000005,0
315.06326570000965,0.0,-21.107101400000005,0
315.12988180003595,0.0,-21.107101400000005,0
315.1799127999693,0.005232755698440194,-21.106839600000004,1
315.229964200058,0.0,-21.106839600000004,0
315.2799743999494,0.0,-21.106839600000004,0
315.3466165000573,0.0,-21.106839600000004,0
315.4132021999685,0.007863550292300792,-21.106316000000003,1
315.4798625999829,-0.003927369171855571,-21.106577800000004,2
315.5299277000595,-0.0052291915845449274,-21.106839600000004,2
315.5964689999819,0.0,-21.106839600000004,0
315.64653549995273,0.0,-21.106839600000004,0
315.71338259999175,0.0,-21.106839600000004,0
315.7798069999553,0.0,-21.106839600000004,0
315.84656069998164,0.0,-21.106839600000004,0
315.8966099000536,0.0,-21.106839600000004,0
315.9467192000011,0.0,-21.106839600000004,0
316.0131221000338,0.0,-21.106839600000004,0
316.06313300004695,0.0,-21.106839600000004,0
316.12979979999363,0.0,-21.106839600000004,0
316.17988429998513,0.0,-21.106839600000004,0
316.24649439996574,0.0,-21.106839600000004,0
316.2965580000309,0.00522934826219282,-21.106577800000004,1
316.3631126000546,0.003933612401049859,-21.106316000000003,1
316.4131207000464,0.0,-21.106316000000003,0
316.46321519999765,0.0,-21.106316000000003,0
316.5297778999666,0.0,-21.106316000000003,0
316.5797943000216,0.0,-21.106316000000003,0
316.62989320000634,0.0,-21.106316000000003,0
316.6964275999926,0.0,-21.106316000000003,0
316.7464739000425,-0.005231155944377825,-21.106577800000004,2
316.81310320005286,0.003929202317286439,-21.106316000000003,1
316.8634924000362,0.0,-21.106316000000003,0
316.92978570004925,0.0,-21.106316000000003,0
316.99645840004086,0.0,-21.106316000000003,0
317.04650259995833,0.0,-21.106316000000003,0
317.1468465999933,0.0,-21.106316000000003,0
317.2134863999672,0.0,-21.106316000000003,0
317.27987009997014,0.0,-21.106316000000003,0
317.3301246999763,0.0,-21.106316000000003,0
317.3965648000594,0.0,-21.106316000000003,0
317.46321109996643,0.0,-21.106316000000003,0
317.5298345000483,0.0,-21.106316000000003,0
317.579861999955,0.0,-21.106316000000003,0
317.63009190000594,0.0,-21.106316000000003,0
317.6801262999652,0.0,-21.106316000000003,0
317.7306392999599,0.0,-21.106316000000003,0
317.79653279995546,0.003973077769697373,-21.106054200000003,1
317.84668169997167,0.0,-21.106054200000003,0
317.91320830001496,0.0,-21.106054200000003,0
317.9798732000636,0.0,-21.106054200000003,0
318.02988050004933,-0.00523523565708751,-21.106316000000003,2
318.07989189994987,0.005234806474536809,-21.106054200000003,1
318.14629509998485,0.0,-21.106054200000003,0
318.19695300003514,0.0,-21.106054200000003,0
318.2632392999949,0.0,-21.106054200000003,0
318.3134908999782,0.0,-21.106054200000003,0
318.37987840001006,0.0,-21.106054200000003,0
318.4300096000079,0.0,-21.106054200000003,0
318.4965662000468,0.0,-21.106054200000003,0
318.5465888000326,0.0,-21.106054200000003,0
318.61326949996874,-0.003926173544231338,-21.106316000000003,2
318.6636390000349,0.0,-21.106316000000003,0
318.7298382000299,0.007909461142118662,-21.105792400000002,1
318.7799877000507,0.0,-21.105792400000002,0
318.83019260002766,0.0,-21.105792400000002,0
318.89653809997253,0.0,-21.105792400000002,0
318.94682119996287,-0.005206520680910783,-21.106054200000003,2
319.01321410003584,0.0,-21.106054200000003,0
319.0798803999787,0.0,-21.106054200000003,0
319.1467653999571,0.0,-21.106054200000003,0
319.21333129995037,0.003932944646228449,-21.105792400000002,1
319.2799475999782,0.0,-21.105792400000002,0
319.33003579999786,0.0,-21.105792400000002,0
319.39661000005435,0.007864908621593433,-21.1052688,1
319.46320800005924,0.0,-21.1052688,0
319.51327640004456,-0.005228846938922653,-21.1055306,2
319.57989769999404,-0.003929674146234736,-21.105792400000002,2
319.6300741999876,-0.02608790968219224,-21.1071014,2
319.69652810005937,-0.05909359715167258,-21.111028400000002,2
319.74660850001965,-0.09409669259306176,-21.1157408,2
319.81329680001363,-0.08244024814691525,-21.1212386,2
319.8798969000345,-0.11792775082226456,-21.1290926,2
319.94673770002555,-0.2036720087405389,-21.1427062,2
320.0132266000146,-0.21262496450275875,-21.1568434,2
320.07994480000343,-0.18835040516837112,-21.1694098,2
320.12995420000516,-0.16752050613905956,-21.1777874,2
320.18028890003916,-0.140431948441638,-21.184856,2
320.2469005000312,-0.18079133366322112,-21.1968988,2
320.29700370004866,-0.25603554255069305,-21.209727,2
320.36328729998786,-0.20538413744105494,-21.2233406,2
320.4133163000224,-0.21455155994695077,-21.2340744,2
320.46334689995274,-0.20407910387281955,-21.2442846,2
320.5300281000091,-0.2080856371552569,-21.25816,2
320.5964355999604,-0.30750141196359004,-21.2785804,2
320.6470310000004,-0.39842752471663007,-21.298738999999998,2
320.7131095000077,-0.26941289523882783,-21.3165414,2
320.7631321999943,-0.26691482074299866,-21.329893199999997,2
320.8133190999506,-0.2556085355175567,-21.3427214,2
320.8797417000169,-0.23254434461440526,-21.358167599999998,2
320.9297767999815,-0.3662628837150276,-21.376493599999996,2
320.9797798000509,-0.3874407530169768,-21.395866799999997,2
321.0464365000371,-0.22387246898046406,-21.410789399999995,2
321.0964549999917,-0.28263942366985834,-21.424926599999996,2
321.14647060004063,-0.314062012344764,-21.440634599999996,2
321.21309620002285,-0.2907771187827337,-21.460007799999996,2
321.2800080999732,-0.3208338130575832,-21.481475399999997,2
321.3465523000341,-0.26359322050531886,-21.499015999999997,2
321.4130995000014,-0.22030678987546018,-21.5136768,2
321.4797554999823,-0.2552958474088544,-21.530693799999998,2
321.5297750000609,-0.4187166998285643,-21.551637799999998,2
321.57998260005843,-0.4380054015943017,-21.573628999999997,2
321.630061200005,-0.4182225545910672,-21.594572999999997,2
321.6964221999515,-0.28799144098811935,-21.613684399999997,2
321.7464934999589,-0.45488333629509403,-21.636460999999997,2
321.79652019997593,-0.4605220810517498,-21.659499399999998,2
321.86311629996635,-0.3302175353085762,-21.681490599999997,2
321.929771300056,-0.2906488631601256,-21.700863799999997,2
321.99641080002766,-0.3535740815886414,-21.724425799999995,2
322.04644309997093,-0.5337272128260994,-21.751129399999996,2
322.1463994999649,-0.3407399336445978,-21.773644199999996,2
322.21338500001,-0.2931231383922502,-21.793279199999997,2
322.2797527000075,-0.3234645769072726,-21.814746799999998,2
322.3298111000331,-0.4759201250503533,-21.838570599999997,2
322.3798593999818,-0.4812471157800616,-21.862656199999996,2
322.42990079999436,-0.4133017860173546,-21.883338399999996,2
322.4801796999527,-0.32803820317589333,-21.899831799999998,2
322.5464464999968,-0.27654873915449313,-21.918157799999996,2
322.5968110000249,-0.3950560412375054,-21.938054599999997,2
322.6469948999584,-0.40691138048399766,-21.958474999999996,2
322.71314919996075,-0.27701902974319675,-21.976800999999995,2
322.7802962999558,-0.27292317912984765,-21.995126999999993,2
322.8465623999946,-0.1896354243368331,-22.007693399999994,2
322.89677009999286,-0.2763600005671404,-22.021568799999994,2
322.946870499989,-0.3292069524647732,-22.038062199999995,2
323.01315170002636,-0.268588981339678,-22.055864599999996,2
323.0631834999658,-0.334891009723295,-22.072619799999995,2
323.11361390003003,-0.29071353749587175,-22.087280599999996,2
323.1799225000432,-0.17372105575621496,-22.098799799999995,2
323.2299706999911,-0.251085953402434,-22.111366199999996,2
323.2803678000346,-0.3064898572868851,-22.126812399999995,2
323.3466344999615,-0.29235196594010016,-22.146185599999995,2
323.41356979997363,-0.27378677613579,-22.164511599999994,2
323.4802443999797,-0.22773889905023925,-22.179695999999993,2
323.5469033999834,-0.18459022786593107,-22.192000599999993,2
323.61361830006354,-0.21582884756941786,-22.206399599999994,2
323.6636595999589,-0.33482743324071323,-22.223154799999993,2
323.73011750006117,-0.2718141857056411,-22.241218999999994,2
323.7802951000631,-0.3182655208577156,-22.257188799999994,2
323.84660110005643,-0.14214098273075915,-22.266613599999996,2
323.8969162000576,-0.17170590935522126,-22.275252999999996,2
323.96322889998555,-0.16186642998494608,-22.285986799999996,2
324.02979479997884,-0.20844606625010778,-22.299862199999996,2
324.08019370003603,-0.3272571421456507,-22.316355599999998,2
324.13020210003015,-0.3455179530245763,-22.333634399999998,2
324.1968091999879,-0.18866457191453176,-22.3462008,2
324.24694410001393,-0.1618792497000563,-22.354316599999997,2
324.313580899965,-0.1257203227968591,-22.362694199999996,2
324.38016269996297,-0.165144228608101,-22.373689799999998,2
324.4468805999495,-0.27075492489487246,-22.391754,2
324.5132076999871,-0.2841915293947001,-22.410603599999998,2
324.5802264000522,-0.26953969537540007,-22.4286678,2
324.63030449999496,-0.29798654535725044,-22.443590399999998,2
324.69692969997413,-0.2672021998517905,-22.4613928,2
324.76362600002903,-0.32187092810739387,-22.4828604,2
324.8302264000522,-0.3459198442049549,-22.5058988,2
324.8965604000259,-0.28416196833399554,-22.5247484,2
324.96347880002577,-0.2542947829003424,-22.5417654,2
325.0301714000525,-0.2590812173026034,-22.5590442,2
325.096855700016,-0.2905211573128359,-22.5784174,2
325.1633432999952,-0.27956791951924354,-22.597005199999998,2
325.2299912000308,-0.25532687437877455,-22.614022199999997,2
325.296469300054,-0.2599171756407223,-22.631300999999997,2
325.346546899993,-0.38163570185662793,-22.650412399999997,2
325.4131253999658,-0.26345742254873117,-22.667952999999997,2
325.46321670000907,-0.2717757372685125,-22.681566599999996,2
325.5297356999945,-0.1220072460767444,-22.689682399999995,2
325.59648639999796,0.02745439373526872,-22.687849799999995,1
325.66307999996934,0.05503832202456373,-22.684184599999995,1
325.72978219995275,0.07064834444998842,-22.679472199999996,1
325.7964225000469,0.05107119858691582,-22.676068799999996,1
325.84642950003035,0.0,-22.676068799999996,0
325.91314860002603,-0.04708696610421017,-22.679210399999995,2
325.97974990005605,-0.047170250409288794,-22.682351999999995,2
326.04640560003463,-0.17281642835798416,-22.693871199999993,2
326.11308190005366,-0.17668946832140267,-22.705652199999992,2
326.1632522,-0.2452566560926047,-22.717956799999993,2
326.2297901000129,-0.20459918328286625,-22.731570399999992,2
326.27979709999636,-0.2722338873458687,-22.74518399999999,2
326.34640699997544,-0.1493531742747514,-22.75513239999999,2
326.4133866999764,-0.0781729389639729,-22.76036839999999,2
326.4797422999982,-0.03945409278404096,-22.76298639999999,2
326.5464204000309,-0.17668469848746104,-22.774767399999988,2
326.5969800000312,-0.34175112144692255,-22.792046199999987,2
326.66326679999474,-0.3357078635902164,-22.814299199999986,2
326.72970869997516,-0.350685335712359,-22.837599399999988,2
326.7797297000652,-0.4239379452994182,-22.85880519999999,2
326.84641530003864,-0.22770133291221945,-22.873989599999987,2
326.8964330999879,-0.32975060911769616,-22.89048299999999,2
326.946458099992,-0.35063668163044787,-22.90802359999999,2
327.0130297000287,-0.2752825527687233,-22.926349599999988,2
327.06310480006505,-0.3450577230492061,-22.943628399999987,2
327.14652169996407,-0.14597002433237308,-22.953314999999986,2
327.19690119998995,-0.18707609236212844,-22.962739799999987,2
327.26348810002673,-0.176926692690188,-22.974520799999986,2
327.31355129997246,-0.25101072271895286,-22.987087199999987,2
327.380071499967,-0.15349021802152593,-22.997297399999987,2
327.4469078000402,-0.11751099314892044,-23.005151399999985,2
327.5134818999795,-0.12583872718724448,-23.013528999999984,2
327.58016779995523,-0.10207255210590817,-23.020335799999984,2
327.6302514000563,-0.10454520021393311,-23.025571799999984,2
327.69680160004646,-0.16128877150762821,-23.036305599999984,2
327.7635831000516,-0.22737434766853107,-23.051489999999983,2
327.8300717000384,-0.2874387489555056,-23.070601399999983,2
327.89693160005845,-0.3054207378992845,-23.091021799999982,2
327.94693360000383,-0.31938322501989475,-23.106991599999983,2
328.0135879999725,-0.18067524432982782,-23.119034399999983,2
328.0802164999768,-0.2121794727344581,-23.133171599999983,2
328.1467596000293,-0.3147433766006066,-23.154115599999983,2
328.1969594999682,-0.4380725863352541,-23.17610679999998,2
328.2634668999817,-0.2834210929335983,-23.19495639999998,2
328.3134785000002,-0.2931479895580813,-23.209617199999983,2
328.38013900001533,-0.22778707025229478,-23.22480159999998,2
328.4468326000497,-0.2944060598001868,-23.244436599999982,2
328.4968439999502,-0.38737567911572385,-23.263809799999983,2
328.5635929000564,-0.2549405304496591,-23.280826799999982,2
328.63008360005915,-0.18505745915578117,-23.293131399999982,2
328.69691149995197,-0.23505152825682277,-23.308839399999982,2
328.7635058000451,-0.2987763212793765,-23.328736199999984,2
328.8302416000515,-0.32560334929539153,-23.350465599999985,2
328.8969470000593,-0.23155846450511033,-23.365911799999985,2
328.9634995999513,-0.21635518407037416,-23.380310799999986,2
329.03013219998684,-0.24359847869282858,-23.396542399999987,2
329.0967949000187,-0.30632422614495297,-23.416962799999986,2
329.1636206000112,-0.3055770459912666,-23.437383199999985,2
329.22986530000344,-0.4742417129774965,-23.468799199999985,2
329.2970407999819,-0.19875996463410403,-23.482150999999984,2
329.36361590004526,-0.26347087699920974,-23.499691599999984,2
329.4298878000118,-0.31998177222491003,-23.520897399999985,2
329.49692850001156,-0.2733563342873849,-23.539223399999983,2
329.563534899964,-0.20438876759173225,-23.552836999999982,2
329.63034959998913,-0.19983327014829722,-23.56618879999998,2
329.6968986999709,-0.22816837499163967,-23.58137319999998,2
329.7636060999939,-0.20407930747270875,-23.59498679999998,2
329.8300488999812,-0.17731040838521117,-23.60676779999998,2
329.89673190005124,-0.08244680044726822,-23.61226559999998,2
329.96355179999955,-0.08227788434661873,-23.61776339999998,2
330.01362029998563,-0.1673227678546141,-23.62614099999998,2
330.0802575000562,-0.18072187887922903,-23.63818379999998,2
330.1466157999821,-0.2524959201592575,-23.654938999999978,2
330.1966665999498,-0.29814908072646035,-23.669861599999976,2
330.2631269999547,-0.18514182880479413,-23.682166199999976,2
330.3135338999564,-0.17139320211539255,-23.690805599999976,2
330.3797234999947,-0.10679321216483126,-23.697874199999976,2
330.44645050005056,-0.13732072462920175,-23.707037199999977,2
330.513061500038,-0.1572112714412233,-23.717509199999977,2
330.56308039999567,-0.22506292640445008,-23.72876659999998,2
330.6133037999971,-0.21372109414531418,-23.73950039999998,2
330.67972200002987,-0.14584255513125127,-23.749186999999978,2
330.729726199992,-0.15706680650721053,-23.757040999999976,2
330.79640480002854,-0.019631485953254604,-23.758349999999975,2
330.86312490003183,-0.00784771005999908,-23.758873599999976,2
330.913135800045,-0.005234858799405089,-23.759135399999977,2
330.96314909996,0.010469215206550997,-23.758611799999976,1
331.0298051000573,0.003927628414815044,-23.758349999999975,1
331.079861599952,0.0052300900093031795,-23.758088199999975,1
331.14638210006524,0.03542065973629765,-23.755731999999973,1
331.21304439997766,0.03927257240508321,-23.753113999999975,1
331.2630900000222,0.047081062029488294,-23.750757799999974,1
331.32978460006416,0.019626776368349832,-23.749448799999975,1
331.39636160002556,-0.043255178239778196,-23.752328599999974,2
331.4466328000417,-0.13019382863147386,-23.758873599999973,2
331.51309560006484,-0.14968373280294278,-23.76882199999997,2
331.5631201999495,-0.2250372821763901,-23.780079399999973,2
331.6298224000493,-0.17662086081671474,-23.791860399999972,2
331.6799461999908,-0.25070724914443326,-23.804426799999973,2
331.7463896999834,-0.18124873014427229,-23.816469599999973,2
331.81303800002206,-0.10213013679347568,-23.823276399999973,2
331.86310159997083,-0.06798152756658742,-23.826679799999972,2
331.92969390004873,-0.058970781838232934,-23.830606799999973,2
331.97970799996983,-0.1518011923033132,-23.838198999999975,2
332.0464141999837,-0.16876092473652432,-23.849456399999976,2
332.1467384999851,-0.2281323807906582,-23.864640799999975,2
332.1967489999952,-0.27744973549948365,-23.878516199999975,2
332.26356570003554,-0.14889092089238695,-23.888464599999974,2
332.33023349998984,-0.1295887970792777,-23.897103999999974,2
332.38024009997025,-0.17276519506195345,-23.905743399999974,2
332.4470010000514,-0.21568013586546494,-23.920142399999975,2
332.5131982000312,-0.2689298037595727,-23.937944799999975,2
332.5636295999866,-0.3789583477138479,-23.957056199999975,2
332.63031569996383,-0.2748098930100385,-23.975382199999974,2
332.69681770005263,-0.22045652732884266,-23.990042999999975,2
332.7636361999903,-0.2821015140655362,-24.008892599999974,2
332.8301901000086,-0.3579624934592409,-24.032716399999973,2
332.8968110999558,-0.37332072499234414,-24.057587399999974,2
332.96360769995954,-0.26651655921119866,-24.075389799999975,2
333.0301494000014,-0.3029468737246087,-24.095548399999974,2
333.09688019996975,-0.3373974238384246,-24.118063199999973,2
333.1635305000236,-0.2985252877168681,-24.137959999999975,2
333.21363849996123,-0.37095473822831276,-24.156547799999974,2
333.2800514999544,-0.2956499480826544,-24.176182799999975,2
333.33022829995025,-0.4226216100222528,-24.197388599999975,2
333.3802351000486,-0.40311717527127444,-24.217547199999974,2
333.43033810006455,-0.3500908128139125,-24.235087799999974,2
333.49692129995674,-0.23198344364658682,-24.250533999999973,2
333.5635324000614,-0.263328483878002,-24.268074599999974,2
333.6135616999818,-0.3715382791597169,-24.286662399999972,2
333.68022270000074,-0.24742203080232789,-24.303155799999974,2
333.74693040002603,-0.17660629875611933,-24.314936799999973,2
333.8134135999717,-0.19689184652214206,-24.32802679999997,2
333.8802512000548,-0.23110045813730262,-24.34347299999997,2
333.9467436999548,-0.2480490284587342,-24.359966399999973,2
334.0134768000571,-0.16084671600072686,-24.370700199999973,2
334.08018379996065,-0.09419101457246189,-24.376983399999972,2
334.14699090004433,-0.08229364832650651,-24.382481199999972,2
334.21352590003517,-0.10230405051382785,-24.389287999999972,2
334.28013159998227,-0.15722378127272188,-24.399759999999972,2
334.3467857000651,-0.22388120132834058,-24.41468259999997,2
334.4136351000052,-0.203645807025885,-24.42829619999997,2
334.4801796999527,-0.15343393766064076,-24.43850639999997,2
334.5469242000254,-0.10982777595185356,-24.44583679999997,2
334.6135645000031,-0.18857057972726088,-24.45840319999997,2
334.66360440000426,-0.3139095002116837,-24.47411119999997,2
334.7302433999721,-0.2553609749277971,-24.49112819999997,2
334.79685669997707,-0.23187861881706254,-24.50657439999997,2
334.8468995000003,-0.2511130471150502,-24.51914079999997,2
334.9134413000429,-0.15737476283018462,-24.52961279999997,2
334.98005899996497,-0.2043540983241219,-24.54322639999997,2
335.0302003000397,-0.31327468527103985,-24.55893439999997,2
335.09703649999574,-0.2741927280734158,-24.577260399999968,2
335.1633055000566,-0.19752825586592754,-24.590350399999966,2
335.2298413000535,-0.1337806113462385,-24.599251599999967,2
335.2965123000322,-0.10602210859686458,-24.606320199999967,2
335.36312300001737,-0.1257695835933922,-24.614697799999966,2
335.4297414000612,-0.14540427259781294,-24.624384399999965,2
335.4797801000532,-0.23020582073158183,-24.635903599999963,2
335.5298245999729,-0.2354104850461437,-24.647684599999963,2
335.5963892999571,-0.1769856996697083,-24.65946559999996,2
335.64660149998963,-0.3649710625728656,-24.67779159999996,2
335.7131007000571,-0.05905334193516478,-24.68171859999996,2
335.77965639997274,-0.08260449528695127,-24.68721639999996,2
335.82968209998216,-0.1517659922513659,-24.694808599999963,2
335.87969029997475,-0.18846509175288434,-24.704233399999964,2
335.94640829996206,-0.18442699125185777,-24.716537999999964,2
336.0130814999575,-0.17669768363914018,-24.728318999999964,2
336.0796774000628,-0.14152222561893366,-24.737743799999965,2
336.1296790000051,-0.09948081672859792,-24.742717999999964,2
336.1798069999786,-0.026113150348955325,-24.744026999999964,2
336.24632210005075,0.0,-24.744026999999964,0
336.2963841999881,-0.020918019845562276,-24.745074199999962,2
336.36305579997133,-0.04712051309387879,-24.74821579999996,2
336.42970730003435,-0.0746299782495074,-24.75318999999996,2
336.4965499000391,-0.1057499259379191,-24.76025859999996,2
336.5629850999685,-0.1812713744038932,-24.77230139999996,2
336.61308709997684,-0.29784439737968166,-24.78722399999996,2
336.6797035000054,-0.23579779143365823,-24.80293199999996,2
336.74631279997993,-0.22403177943183936,-24.817854599999958,2
336.79632399999537,-0.21986275067598518,-24.82885019999996,2
336.8463525000261,-0.14652448095574694,-24.83618059999996,2
336.8963714999845,-0.17272236564472251,-24.84481999999996,2
336.94639669999015,-0.23026794492986993,-24.856339199999958,2
337.0129873000551,-0.2791354933259134,-24.874926999999957,2
337.0629985999549,-0.3873764536979274,-24.894300199999957,2
337.1463459000224,-0.26114081735076256,-24.911578999999957,2
337.1965608999599,-0.2502519170696538,-24.924145399999958,2
337.263080200064,-0.1849778933443423,-24.936449999999958,2
337.3298178999685,-0.2353692144392552,-24.952157999999958,2
337.3963412999874,-0.2754820107629354,-24.970483999999956,2
337.4463489999762,-0.34552278956792526,-24.987762799999956,2
337.49638779996894,-0.2982205808724104,-25.002685399999955,2
337.5468128999928,-0.22844178781102623,-25.014204599999953,2
337.61355560005177,-0.24319663402378766,-25.030436199999954,2
337.66358189994935,-0.41865978581023533,-25.051380199999954,2
337.73008909996133,-0.33853176792803186,-25.073894999999954,2
337.78019269998185,-0.3918880078868246,-25.093529999999955,2
337.8468583000358,-0.231696706959755,-25.108976199999955,2
337.91338349995203,-0.27547455735692605,-25.127302199999953,2
337.9635540000163,-0.4383292965353972,-25.14929339999995,2
338.0301243000431,-0.3146147755315711,-25.17023739999995,2
338.0801653000526,-0.3505245697860749,-25.187777999999952,2
338.1301831000019,-0.27217510593841593,-25.20139159999995,2
338.18027829995845,-0.26130248030452685,-25.21448159999995,2
338.2464992000023,-0.21348547045781152,-25.22861879999995,2
338.29686010000296,-0.33270255296822343,-25.24537399999995,2
338.3635463999817,-0.20806972353272493,-25.25924939999995,2
338.43023050006013,-0.1491869874273017,-25.269197799999947,2
338.4967074999586,-0.1181461259081906,-25.277051799999946,2
338.5468133999966,-0.17242280836073434,-25.285691199999945,2
338.6135570000624,-0.22750346078164407,-25.300875599999944,2
338.6801359000383,-0.21626971916357035,-25.315274599999945,2
338.73022420005873,-0.21429755043834692,-25.326008399999946,2
338.79671210004017,-0.16143990113985354,-25.336742199999946,2
338.84687939996365,-0.20352301231224634,-25.346952399999946,2
338.9134168999735,-0.023607739992740094,-25.348523199999946,2
338.9634463000111,-0.07326092252246225,-25.352188399999946,2
339.0300581000047,-0.08253492625228809,-25.357686199999947,2
339.08017630001996,-0.11492032830876608,-25.363445799999948,2
339.14688270003535,-0.07456855712273913,-25.368419999999947,2
339.19692190003116,-0.04708708373030293,-25.37077619999995,2
339.26336930005345,0.02757970965583341,-25.368943599999948,1
339.3134697000496,0.05748057900178581,-25.36606379999995,1
339.36353570001666,0.07320736632470079,-25.36239859999995,1
339.43009070004337,0.05113665387475205,-25.35899519999995,1
339.48017910006456,0.04704083178945524,-25.356638999999948,1
339.5301954000024,0.02093717450713486,-25.35559179999995,1
339.5968146000523,-0.00785959602648801,-25.35611539999995,2
339.64692099997774,-0.020899525840183463,-25.35716259999995,2
339.7135224000085,-0.01179254489600913,-25.35794799999995,2
339.7801846000366,0.007854526249950802,-25.35742439999995,1
339.84687789995223,-0.003925431794965062,-25.35768619999995,2
339.89689430000726,-0.031405698896197876,-25.35925699999995,2
339.9635274000466,-0.09429547771740725,-25.36554019999995,2
340.03018290002365,-0.14139568382569576,-25.37496499999995,2
340.08023189997766,-0.18831145494734156,-25.38438979999995,2
340.14660610002466,-0.11438480606357024,-25.391981999999953,2
340.1966755000176,-0.09411736511052468,-25.39669439999995,2
340.26342520001344,-0.10981922016811191,-25.404024799999952,2
340.3302434999496,-0.1292969142923138,-25.412664199999952,2
340.39671320002526,-0.14966819451076532,-25.42261259999995,2
340.4631892000325,-0.1417774835876595,-25.432037399999952,2
340.529950199998,-0.10980063216234265,-25.439367799999953,2
340.59636510000564,-0.0748958441468175,-25.444341999999953,2
340.6630005000625,-0.10214990821986365,-25.451148799999952,2
340.7130150999874,-0.22508227631335817,-25.462406199999954,2
340.76301900006365,-0.28795753887275977,-25.476805199999955,2
340.82965730002616,-0.24357764242384294,-25.493036799999956,2
340.87968749995343,-0.334901719848307,-25.509791999999955,2
340.92975819995627,-0.2823447644870109,-25.523929199999955,2
340.9963052000385,-0.14949434215982862,-25.533877599999954,2
341.0463184999535,-0.14656901289171395,-25.541207999999955,2
341.09639540000353,-0.16729470058306115,-25.549585599999954,2
341.163108299952,-0.1805168117305945,-25.561628399999954,2
341.2296884000534,-0.21233371500591572,-25.575765599999954,2
341.2797527000075,-0.31375650941690925,-25.591473599999954,2
341.34633199998643,-0.2359291852719284,-25.607181599999954,2
341.39633649995085,-0.24606985388827293,-25.619486199999955,2
341.44637130002957,-0.15697074811217962,-25.627340199999953,2
341.5130536999786,-0.1570429379866343,-25.637812199999953,2
341.56394869997166,-0.2726279595618274,-25.651687599999953,2
341.6299188999692,-0.2658867185586056,-25.669228199999953,2
341.69628360006027,-0.2919202523843912,-25.688601399999953,2
341.7463744999841,-0.35540187992381495,-25.706403799999954,2
341.812982799951,-0.1454263208160753,-25.716090399999953,2
341.8632443000097,-0.21355908573092736,-25.726824199999953,2
341.9297017999925,-0.21272542607924136,-25.740961399999954,2
341.97992219997104,-0.2815031343046338,-25.755098599999954,2
342.0463199999649,-0.5717207498367024,-25.793059599999953,2
342.1463102999842,-0.24611269737868893,-25.809291199999954,2
342.1963549000211,-0.23017868044704706,-25.820810399999953,2
342.2630210999632,-0.18457029215229062,-25.833114999999953,2
342.3297148999991,-0.24337494626594333,-25.849346599999954,2
342.3963587000035,-0.2985544041409811,-25.869243399999956,2
342.4464710999746,-0.3865949348099017,-25.888616599999956,2
342.5130552999908,-0.1808657308650676,-25.900659399999956,2
342.5634000999853,-0.23920643246805584,-25.912702199999956,2
342.6135173999937,-0.2873059801222301,-25.927101199999957,2
342.68006739998236,-0.27537190087346075,-25.945427199999955,2
342.73017630004324,-0.39184655772019494,-25.965062199999956,2
342.7968125999905,-0.2710864801060769,-25.983126399999957,2
342.84689130005427,-0.27184411701321914,-25.996739999999956,2
342.91332859999966,-0.16944397212489137,-26.007997399999958,2
342.963442999986,-0.26120236905096356,-26.021087399999956,2
343.0301123999525,-0.23561034009450052,-26.036795399999956,2
343.0801556999795,-0.3400455203955243,-26.053812399999956,2
343.1302204000531,-0.29806630176698307,-26.068734999999954,2
343.1968092999887,-0.15726344796397665,-26.079206999999954,2
343.2633014000021,-0.1141819855060628,-26.086799199999955,2
343.3134735999629,-0.19306707713770993,-26.096485799999954,2
343.363524400047,-0.22491948142839036,-26.107743199999955,2
343.430126799969,-0.2122626214154681,-26.121880399999956,2
343.48014680005144,-0.3192682921567234,-26.137850199999956,2
343.53022139996756,-0.31892017163896447,-26.153819999999957,2
343.58022810006514,-0.24605902761007556,-26.166124599999957,2
343.6302549999673,-0.1674619058223904,-26.174502199999957,2
343.69684920005966,-0.12580074523577217,-26.182879799999956,2
343.7634677999886,-0.22793033801674475,-26.198064199999955,2
343.8135559000075,-0.3763289083212024,-26.216913799999954,2
343.88011829997413,-0.27925375300943583,-26.235501599999953,2
343.93013580003753,-0.3088159140384805,-26.250947799999953,2
343.9967312000226,-0.16904170562111542,-26.262205199999954,2
344.04680040001404,-0.19346424551743152,-26.271891799999953,2
344.1135081000393,-0.1569833766721061,-26.282363799999953,2
344.16352529998403,-0.1674943821177843,-26.290741399999952,2
344.21360819996335,-0.12545599401382448,-26.29702459999995,2
344.26384869997855,-0.09900777258376062,-26.30199879999995,2
344.32989199995063,-0.039640660008006555,-26.30461679999995,2
344.380261400016,-0.010395200246980001,-26.30514039999995,2
344.4468528999714,0.0,-26.30514039999995,0
344.51335709996056,0.019682967394747345,-26.30383139999995,1
344.58018279995304,0.011752963307356408,-26.30304599999995,1
344.6301895000506,0.015705895379366525,-26.302260599999947,1
344.68020920001436,0.010467875664579249,-26.301736999999946,1
344.7467252999777,-0.01967944603970323,-26.303045999999945,2
344.7968452000059,-0.05745821516759718,-26.305925799999944,2
344.84685740002897,-0.13610279085629415,-26.312732599999944,2
344.9134555000346,-0.1886900677186599,-26.325298999999944,2
344.98012790002394,-0.21203976461418242,-26.339436199999945,2
345.0301545000402,-0.30875973971793164,-26.354882399999944,2
345.08016050001606,-0.29318081844346483,-26.369543199999946,2
345.1464910999639,-0.18155723013920244,-26.381585999999945,2
345.19649220001884,-0.24085070101992082,-26.393628799999945,2
345.2630623000441,-0.07472123367865613,-26.398602999999945,2
345.3131664999528,-0.16197843723266472,-26.406718799999943,2
345.37974160001613,-0.1730256505666452,-26.418237999999942,2
345.4297491000034,-0.28793680955193635,-26.432636999999943,2
345.4963206000393,-0.23202421444105067,-26.448083199999942,2
345.562881299993,-0.15339682435885799,-26.458293399999942,2
345.61301440000534,-0.12010827175101062,-26.464314799999944,2
345.67971399996895,-0.06280097635195936,-26.468503599999945,2
345.7298127999529,-0.10973915546398375,-26.474001399999946,2
345.79628630005755,-0.10633711161402512,-26.481069999999946,2
345.8462878999999,-0.18325413607899613,-26.490232999999947,2
345.8963351000566,-0.20924247486634373,-26.500704999999947,2
345.9629376999801,-0.11006176948677444,-26.508035399999947,2
346.01296179997735,-0.0994360718188627,-26.513009599999947,2
346.0795603999868,-0.023586081385749302,-26.514580399999947,2
346.1298079000553,0.01042041891210741,-26.514056799999945,1
346.19639769999776,0.011794599183039958,-26.513271399999944,1
346.2629506000085,-0.01966856440198932,-26.514580399999943,2
346.3129900000058,-0.06801440465276395,-26.517983799999943,2
346.3796227000421,-0.07072203283724379,-26.52269619999994,2
346.4462608000031,-0.08643103574940307,-26.528455799999943,2
346.49634429998696,-0.08886359782028194,-26.53290639999994,2
346.5463949999539,-0.0523069607763376,-26.53552439999994,2
346.6130540999584,0.011782337294492594,-26.534738999999938,1
346.6795361000113,0.01181372400611763,-26.533953599999936,1
346.7295414999826,0.005235434576074162,-26.533691799999936,1
346.7797033999814,-0.0052191005525378045,-26.533953599999936,2
346.846318099997,-0.003930063483563781,-26.534215399999937,2
346.89632749999873,0.0,-26.534215399999937,0
346.9463610999519,0.026162418879018517,-26.532906399999938,1
347.0129694000352,-0.007860882192535406,-26.53342999999994,2
347.0797867999645,-0.0195907054357922,-26.534738999999938,2
347.14632179995533,-0.023915519244056667,-26.536309799999938,2
347.19645030004904,-0.010445155929685245,-26.53683339999994,2
347.26315140002407,0.007849945506085764,-26.536309799999938,1
347.32952300005127,0.003944458170252429,-26.536047999999937,1
347.3796980000334,0.005217737919148987,-26.535786199999936,1
347.4297054000199,0.005235225188085878,-26.535524399999936,1
347.49630290002096,0.003931078493873691,-26.535262599999935,1
347.54670669999905,-0.010388105663216995,-26.535786199999936,2
347.59682800003793,0.005223328201720798,-26.535524399999936,1
347.6469294000417,0.005225402882560329,-26.535262599999935,1
347.71340590005275,0.0,-26.535262599999935,0
347.7634995999979,0.005226206095511529,-26.535000799999935,1
347.8301288000075,0.0,-26.535000799999935,0
347.88013299996965,0.01570668065072105,-26.534215399999933,1
347.94673249998596,0.035378643975149934,-26.531859199999932,1
347.9968039999949,0.0836563713740012,-26.52767039999993,1
348.063435100019,0.02357457702832358,-26.52609959999993,1
348.1134787000483,-0.00523143818283768,-26.52636139999993,2
348.18017379997764,-0.035327932674154496,-26.528717599999933,2
348.24665460002143,-0.055131707163356906,-26.532382799999933,2
348.2968607000075,-0.05735956389357812,-26.535262599999932,2
348.3634730000049,-0.01572082032960145,-26.53630979999993,2
348.4301380000543,0.0196354908727227,-26.53500079999993,1
348.4968283000635,0.00785121674257971,-26.53447719999993,1
348.563483200036,0.007855386478954948,-26.53395359999993,1
348.6135213000234,-0.005232013207251156,-26.53421539999993,2
348.6800893000327,-0.007865641147803448,-26.53473899999993,2
348.7467733999947,-0.003925973360203904,-26.53500079999993,2
348.7969236000208,-0.010440636323033546,-26.535524399999932,2
348.863498599967,-0.039324070628867176,-26.53814239999993,2
348.92973189998884,-0.035574250403086025,-26.540498599999932,2
348.9801154000452,-0.04156916446173727,-26.542592999999933,2
349.04684199998155,-0.023540836810174957,-26.544163799999932,2
349.1134445000207,0.0,-26.544163799999932,0
349.180191499996,0.003922273661691225,-26.54390199999993,1
349.2467486000387,-0.007866929293254606,-26.544425599999933,2
349.2968384999549,-0.03135961546395338,-26.545996399999932,2
349.3468459000578,-0.07852837763847709,-26.549923399999933,2
349.41336750006303,-0.08658240330281154,-26.555682999999934,2
349.46346820006147,-0.11496046961778034,-26.561442599999936,2
349.53016870003194,-0.043175088661631285,-26.564322399999934,2
349.59676119999494,0.003931373655373051,-26.564060599999934,1
349.64686039998196,0.03135379408068548,-26.562489799999934,1
349.7134490000317,-0.02358962343144272,-26.564060599999934,2
349.780145799974,-0.06280361282136855,-26.568249399999935,2
349.8467491000192,-0.11792208486163128,-26.576103399999933,2
349.8968134999741,-0.21962911789442047,-26.587098999999935,2
349.9634424999822,-0.16502724037074326,-26.598094599999936,2
350.0301128999563,-0.12958374336071452,-26.606733999999935,2
350.080116200028,-0.12042005210389334,-26.612755399999937,2
350.14637349999975,-0.047415152765637646,-26.615896999999936,2
350.19685619999655,-0.010371869967994487,-26.616420599999937,2
350.2630560999969,-0.07513908631241499,-26.621394799999937,2
350.3131074999692,-0.11507370429575826,-26.627154399999938,2
350.3797633999493,-0.07855268628227613,-26.632390399999938,2
350.42985549999867,-0.0731692222204241,-26.63605559999994,2
350.4967056000605,-0.01958112252320918,-26.637364599999938,2
350.5629557999782,0.011855058565493017,-26.636579199999936,1
350.6130794000346,0.005223088519289203,-26.636317399999935,1
350.6796647000592,-0.003931798758934514,-26.636579199999936,2
350.7296762999613,0.020939142160032953,-26.635531999999937,1
350.7964015000034,0.015694220464514533,-26.63448479999994,1
350.8629286000505,0.015740953675399266,-26.63343759999994,1
350.9130070999963,0.010455584743284403,-26.63291399999994,1
350.9631592000369,0.0,-26.63291399999994,0
351.0310290000634,0.007714771515391801,-26.632390399999938,1
351.096413900028,0.004003982573069879,-26.632128599999938,1
351.1629934000084,-0.003932141275872202,-26.632390399999938,2
351.2131015000632,0.0,-26.632390399999938,0
351.2796963000437,-0.011793713626735532,-26.63317579999994,2
351.34624560002703,0.007867851354279195,-26.63265219999994,1
351.3963396999752,0.005226164364082911,-26.632390399999938,1
351.44665639998857,0.005203043918430986,-26.632128599999938,1
351.51310830004513,0.0,-26.632128599999938,0
351.57966609997675,0.003933423284257966,-26.631866799999937,1
351.64624360005837,-0.0117967781763679,-26.63265219999994,2
351.69637989997864,-0.010443530951280408,-26.63317579999994,2
351.7630710999947,0.0,-26.63317579999994,0
351.829668499995,-0.007862168793338672,-26.63369939999994,2
351.879673599964,0.010470931971434092,-26.63317579999994,1
351.9463433000492,0.0039268213246121085,-26.63291399999994,1
352.01298540004063,-0.003928447633457297,-26.63317579999994,2
352.0798116000369,0.0,-26.63317579999994,0
352.14668809995055,0.0,-26.63317579999994,0
352.1968736000126,0.0,-26.63317579999994,0
352.2633742999751,0.0,-26.63317579999994,0
352.3134941000026,0.0,-26.63317579999994,0
352.36350440001115,-0.005234921605250997,-26.63343759999994,2
352.43003459996544,0.0,-26.63343759999994,0
352.48010200005956,-0.005228951363718553,-26.63369939999994,2
352.54662699997425,-0.01574145060267403,-26.63474659999994,2
352.59670900006313,-0.026137135052054318,-26.63605559999994,2
352.6468523000367,-0.05221036512116135,-26.638673599999937,2
352.7133963999804,-0.01967116545429638,-26.639982599999936,2
352.7634801999666,0.0052272391486328776,-26.639720799999935,1
352.8135016000597,0.00523375994099989,-26.639458999999935,1
352.8800816000439,-0.011796335238598474,-26.640244399999936,2
352.9301214000443,-0.02092734183574096,-26.641291599999935,2
352.980150999967,-0.01569870639008439,-26.642076999999937,2
353.04664039995987,-0.003937469732440212,-26.642338799999937,2
353.09676660003606,-0.04178254080334195,-26.644433199999938,2
353.1634464999661,-0.07067197168780151,-26.649145599999937,2
353.2300598999718,-0.027510981271669243,-26.650978199999937,2
353.2800617000321,-0.06806554955816667,-26.654381599999937,2
353.33017349999864,-0.13583227911478768,-26.661188399999936,2
353.39675279997755,-0.149421817338888,-26.671136799999935,2
353.4634329000255,-0.2159414876348904,-26.685535799999936,2
353.5301699000411,-0.20791165315737908,-26.699411199999936,2
353.59683829999994,-0.1845642014446257,-26.711715799999936,2
353.64684800000396,-0.18845943885374267,-26.721140599999938,2
353.7135003999574,-0.054989767848712325,-26.724805799999938,2
353.78011249995325,-0.08646477142080772,-26.73056539999994,2
353.8466826999793,-0.16124031467236177,-26.74129919999994,2
353.8967800999526,-0.3135492063134706,-26.75700719999994,2
353.9634871999733,-0.29827109848605865,-26.77690399999994,2
354.03014120005537,-0.26708674615303907,-26.794706399999942,2
354.09680900000967,-0.2159813284654628,-26.809105399999943,2
354.16337470000144,-0.14551938913280582,-26.81879199999994,2
354.2133942999644,-0.2564634665110155,-26.831620199999943,2
354.2634140000446,-0.31403626920649275,-26.847328199999943,2
354.33019060001243,-0.2705169177331058,-26.865392399999944,2
354.39675900002476,-0.2752957859375592,-26.883718399999943,2
354.4467781999847,-0.29833743866261875,-26.89864099999994,2
354.49679690005723,-0.19365957103946282,-26.90832759999994,2
354.5633966999594,-0.12972111046413853,-26.91696699999994,2
354.61352949996945,-0.24021798099427727,-26.92900979999994,2
354.68011109996587,-0.23592103525363414,-26.94471779999994,2
354.73019489995204,-0.35022502295840274,-26.96225839999994,2
354.79683060001116,-0.24751597094899622,-26.97875179999994,2
354.8634408999933,-0.12184001576598838,-26.98686759999994,2
354.91345770005137,-0.1151533083546439,-26.99262719999994,2
354.9635163999628,-0.1412062241429034,-26.99969579999994,2
355.0300451000221,-0.16921118239149713,-27.010953199999943,2
355.0800971999997,-0.2929107870909584,-27.025613999999944,2
355.1463860999793,-0.2488108869673076,-27.042107399999946,2
355.1964273999911,-0.3086690393006995,-27.057553599999945,2
355.26305489998776,-0.1335964879433108,-27.066454799999946,2
355.3131418999983,-0.11499191404533204,-27.072214399999947,2
355.37962769996375,-0.09844207339614329,-27.078759399999946,2
355.42976450000424,-0.1775382551900263,-27.087660599999946,2
355.49629569996614,-0.16526982838572976,-27.098656199999947,2
355.54636370006483,-0.27190221245437934,-27.112269799999947,2
355.61316289997194,-0.16460676198652777,-27.123265399999948,2
355.67964260000736,-0.11814132728962308,-27.131119399999946,2
355.7297228999669,-0.07841406707176987,-27.135046399999947,2
355.77975680003874,-0.0313947143385537,-27.136617199999947,2
355.84621760004666,-0.039391641383915585,-27.139235199999945,2
355.896315400023,-0.09406401083927873,-27.143947599999944,2
355.9464712999761,-0.14615229727419837,-27.151277999999945,2
356.012919300003,-0.13395738015291647,-27.160179199999945,2
356.0629258999834,-0.1256474145905116,-27.166462399999944,2
356.1296503000194,-0.04315962374250886,-27.169342199999942,2
356.1797964000143,-0.020882979934764696,-27.17038939999994,2
356.24641719996,-0.003929703639306509,-27.17065119999994,2
356.29643039999064,0.010469236115245396,-27.17012759999994,1
356.3629339999752,0.011809886986301655,-27.16934219999994,1
356.42954479996115,-0.011790880760564443,-27.17012759999994,2
356.4795753000071,-0.04186246385855163,-27.17222199999994,2
356.5296716999728,-0.08884071516211921,-27.17667259999994,2
356.5962878999999,-0.11003929970521843,-27.18400299999994,2
356.646412699949,-0.19847261256102533,-27.19395139999994,2
356.7129505999619,-0.21246838263989953,-27.20808859999994,2
356.77962040004786,-0.22382847977289014,-27.223011199999938,2
356.8462736000074,-0.20817305108263914,-27.236886599999938,2
356.896365600056,-0.2090553379748927,-27.247358599999938,2
356.9464926000219,-0.14101382498080792,-27.254427199999938,2
357.01290119998157,-0.16557494069555634,-27.26542279999994,2
357.06295289995614,-0.3033743111165764,-27.280607199999938,2
357.146235799999,-0.2887808329291309,-27.299718599999938,2
357.19628849998116,-0.3765950689314995,-27.318568199999937,2
357.2462934999494,-0.3350704931636325,-27.335323399999936,2
357.31311880005524,-0.20763692760110566,-27.349198799999936,2
357.3633013999788,-0.31301686289516295,-27.364906799999936,2
357.41341479995754,-0.37091476546972324,-27.383494599999935,2
357.48007869999856,-0.3102458750129122,-27.404176799999934,2
357.53140950005036,-0.3570176186910425,-27.422502799999933,2
357.5966673999792,-0.23669471461453195,-27.437948999999932,2
357.64680640003644,-0.2610742133878892,-27.45103899999993,2
357.71334839996416,-0.255733221401279,-27.46805599999993,2
357.78011609998066,-0.2980003803498312,-27.48795279999993,2
357.8467266999651,-0.2869122933057436,-27.50706419999993,2
357.91345069999807,-0.16086865287891544,-27.51779799999993,2
357.98014060000423,-0.15702527667655122,-27.52826999999993,2
358.04664930002764,-0.19681635628712427,-27.54135999999993,2
358.1134247999871,-0.2666007743978503,-27.55916239999993,2
358.180164600024,-0.25889798876308573,-27.57644119999993,2
358.24673320003785,-0.2045048265573735,-27.59005479999993,2
358.3133952000644,-0.09032732287662326,-27.59607619999993,2
358.3799349999754,-0.07868974669304304,-27.60131219999993,2
358.43007390003186,-0.10442989363750815,-27.60654819999993,2
358.4966379000107,-0.09046030890444469,-27.612569599999933,2
358.5467479999643,-0.09926541764247104,-27.617543799999932,2
358.613473800011,-0.007847039670315902,-27.618067399999934,2
358.6799562999513,0.01968939196292327,-27.616758399999934,1
358.7300722999498,0.015671641791506086,-27.615972999999933,1
358.7800818999531,0.005234994880642648,-27.615711199999932,1
358.8301149000181,-0.010465093024996002,-27.616234799999933,2
358.89663219999056,-0.011807454606921886,-27.617020199999935,2
358.9467999000335,-0.005218497156056095,-27.617281999999935,2
359.01343209994957,0.007858062628273224,-27.616758399999934,1
359.07995569997,0.015741781859041685,-27.615711199999936,1
359.1304922000272,0.015541242450722836,-27.614925799999934,1
359.1969397000503,0.0,-27.614925799999934,0
359.2633174000075,0.003944095685278221,-27.614663999999934,1
359.3134558000602,0.005221546753086649,-27.614402199999933,1
359.38011569995433,-0.003927398637197515,-27.614663999999934,2
359.4466925000306,-0.03145840589514678,-27.616758399999934,2
359.51343449996784,-0.027457972516912482,-27.618590999999935,2
359.5800856000278,0.01571166866049851,-27.617543799999936,1
359.6467678999761,0.011778238012320587,-27.616758399999934,1
359.71340979996603,-0.02749921596288897,-27.618590999999935,2
359.7800998999737,-0.03140496115253209,-27.620685399999935,2
359.83013620006386,-0.031393208474051165,-27.622256199999935,2
359.8967439000262,-0.019652382543463433,-27.623565199999934,2
359.94675120001193,-0.00523523565708751,-27.623826999999935,2
360.0133837000467,0.00785802723486105,-27.623303399999934,1
360.06343209999613,-0.0052309364587967465,-27.623565199999934,2
360.1299870000221,-0.003933594669933057,-27.623826999999935,2
360.18014499999117,0.0,-27.623826999999935,0
360.2464471999556,0.0,-27.623826999999935,0
360.3131024000468,0.015710702219291686,-27.622779799999936,1
360.3633273000596,0.010425107862159702,-27.622256199999935,1
360.41346449998673,0.005221671740355428,-27.621994399999934,1
360.4799572000047,0.0,-27.621994399999934,0
360.54630060005,0.0,-27.621994399999934,0
360.61309120000806,0.0,-27.621994399999934,0
360.67964129999746,-0.003933878386985171,-27.622256199999935,2
360.74625119997654,0.0,-27.622256199999935,0
360.7963558000047,0.0,-27.622256199999935,0
360.8628921000054,-0.0039346942946498304,-27.622517999999936,2
360.9129910999909,0.0,-27.622517999999936,0
360.96300820005126,0.0,-27.622517999999936,0
361.0296296000015,0.0,-27.622517999999936,0
361.0798028999707,0.0,-27.622517999999936,0
361.1462613999611,0.0,-27.622517999999936,0
361.19639459997416,-0.005222088355255632,-27.622779799999936,2
361.2630719000008,0.0,-27.622779799999936,0
361.32963219995145,0.0,-27.622779799999936,0
361.3797977999784,0.0,-27.622779799999936,0
361.44627299997956,0.0,-27.622779799999936,0
361.4962899000384,0.0,-27.622779799999936,0
361.56295190006495,0.0,-27.622779799999936,0
361.6131574000465,0.0,-27.622779799999936,0
361.66318350005895,0.0,-27.622779799999936,0
361.7296754999552,0.0,-27.622779799999936,0
361.7962873999495,0.0,-27.622779799999936,0
361.8463663000148,0.0,-27.622779799999936,0
361.9129095999524,0.0,-27.622779799999936,0
361.9630294999806,0.0,-27.622779799999936,0
362.02957510005217,0.0,-27.622779799999936,0
362.07963579997886,0.0,-27.622779799999936,0
362.14625920006074,0.0,-27.622779799999936,0
362.21316779998597,0.0,-27.622779799999936,0
362.27979840000626,0.0,-27.622779799999936,0
362.33008290000726,0.0,-27.622779799999936,0
362.39671630004887,0.0,-27.622779799999936,0
362.4632523000473,-0.003934712035681401,-27.623041599999937,2
362.5133829000406,0.0,-27.623041599999937,0
362.5798748000525,0.0,-27.623041599999937,0
362.63010089995805,0.0,-27.623041599999937,0
362.696582900011,0.0,-27.623041599999937,0
362.74665770004503,0.0,-27.623041599999937,0
362.7967618999537,-0.005225110878473057,-27.623303399999937,2
362.8472278000554,0.0,-27.623303399999937,0
362.9133922000183,0.0,-27.623303399999937,0
362.9637291999534,-0.005200945633183381,-27.623565199999938,2
363.0299788999837,0.00395171600596253,-27.623303399999937,1
363.0800424000481,0.0,-27.623303399999937,0
363.1300827000523,-0.005231783182317231,-27.623565199999938,2
363.1800909000449,0.0,-27.623565199999938,0
363.2466481999727,0.003933452833633012,-27.623303399999937,1
363.31342070002574,0.0,-27.623303399999937,0
363.3798825000413,0.003939104868342715,-27.623041599999937,1
363.4300163000589,0.0,-27.623041599999937,0
363.48006139998324,0.0,-27.623041599999937,0
363.5302994999802,0.0,-27.623041599999937,0
363.59669519995805,0.0,-27.623041599999937,0
363.6467410000041,0.0,-27.623041599999937,0
363.71326380001847,0.0,-27.623041599999937,0
363.76339600002393,0.0,-27.623041599999937,0
363.81342380004935,0.0,-27.623041599999937,0
363.8801411000313,-0.0039240197080927155,-27.623303399999937,2
363.9466928000329,0.0,-27.623303399999937,0
364.013410900021,0.0,-27.623303399999937,0
364.0800243000267,0.0,-27.623303399999937,0
364.1466165999882,0.0,-27.623303399999937,0
364.1967791999923,0.0,-27.623303399999937,0
364.2634105000179,0.0,-27.623303399999937,0
364.3300335999811,0.0,-27.623303399999937,0
364.38007630000357,0.0,-27.623303399999937,0
364.43008109997027,0.0,-27.623303399999937,0
364.49674199998844,0.0,-27.623303399999937,0
364.5633817999624,0.0,-27.623303399999937,0
364.6134821999585,0.0,-27.623303399999937,0
364.6634953999892,0.0,-27.623303399999937,0
364.73008310003206,0.0,-27.623303399999937,0
364.79678089998197,0.0,-27.623303399999937,0
364.8635160999838,0.0,-27.623303399999937,0
364.92963509995025,0.0,-27.623303399999937,0
364.98013719997834,0.0,-27.623303399999937,0
365.0467003999511,0.0,-27.623303399999937,0
365.0967339000199,0.0,-27.623303399999937,0
365.1630397000117,0.0,-27.623303399999937,0
365.2296892000595,0.0,-27.623303399999937,0
365.27970219997223,0.0,-27.623303399999937,0
365.32970490003936,0.0,-27.623303399999937,0
365.3962441000622,0.0,-27.623303399999937,0
365.44636199995875,0.0,-27.623303399999937,0
365.5130818999605,0.0,-27.623303399999937,0
365.57967670005746,0.0,-27.623303399999937,0
365.64615279994905,-0.003938257515512402,-27.623565199999938,2
365.6961949999677,0.005231584540696085,-27.623303399999937,1
365.74623769999016,0.0,-27.623303399999937,0
365.81287170003634,0.0,-27.623303399999937,0
365.8628795000259,0.005235183312498047,-27.623041599999937,1
365.91323289996944,0.0051992516948894,-27.622779799999936,1
365.9796095000347,0.0,-27.622779799999936,0
366.0296549999621,0.0,-27.622779799999936,0
366.0963867000537,0.0,-27.622779799999936,0
366.1630795999663,0.0,-27.622779799999936,0
366.22956070001237,-0.003937961312591925,-27.623041599999937,2
366.27957130002324,0.005234890202139664,-27.622779799999936,1
366.3296043999726,0.0,-27.622779799999936,0
366.3796100000618,-0.005235413624333334,-27.623041599999937,2
366.4296995999757,0.0,-27.623041599999937,0
366.49636450002436,0.00392710406539276,-27.622779799999936,1
366.5629263999872,0.0,-27.622779799999936,0
366.6132708999794,0.0,-27.622779799999936,0
366.6795563000487,0.0,-27.622779799999936,0
366.7295739999972,0.0,-27.622779799999936,0
366.79637420002837,0.0,-27.622779799999936,0
366.86286380002275,0.0,-27.622779799999936,0
366.9128658999689,0.0,-27.622779799999936,0
366.96288590005133,0.0,-27.622779799999936,0
367.0296154000098,0.0,-27.622779799999936,0
367.146425700048,0.0,-27.622779799999936,0
367.21288300002925,0.0,-27.622779799999936,0
367.27951669995673,0.0,-27.622779799999936,0
367.34672010003123,-0.0038956362283717534,-27.623041599999937,2
367.41337439999916,0.0,-27.623041599999937,0
367.47992820001673,0.0,-27.623041599999937,0
367.5300509999506,0.0,-27.623041599999937,0
367.5967238000594,0.0,-27.623041599999937,0
367.646781599964,0.0,-27.623041599999937,0
367.7132747999858,-0.003937244709446742,-27.623303399999937,2
367.7634269000264,0.0052201203895386504,-27.623041599999937,1
367.81342739996035,0.0,-27.623041599999937,0
367.8799231000012,-0.003937096682029663,-27.623303399999937,2
367.9300251000095,0.0,-27.623303399999937,0
367.9965293999994,0.003936587559597706,-27.623041599999937,1
368.0465575000271,-0.00523305901793252,-27.623303399999937,2
368.0966065999819,0.0,-27.623303399999937,0
368.1634653999936,0.003915714908945975,-27.623041599999937,1
368.229998899973,-0.003934859883833,-27.623303399999937,2
368.2800446000183,0.0,-27.623303399999937,0
368.34668980003335,0.00392826490041138,-27.623041599999937,1
368.396754699992,0.0,-27.623041599999937,0
368.4634571999777,0.0,-27.623041599999937,0
368.5296829000581,-0.003953148093295921,-27.623303399999937,2
368.5800275000511,0.0,-27.623303399999937,0
368.6300582999829,0.0,-27.623303399999937,0
368.6965046999976,0.0,-27.623303399999937,0
368.7466931999661,0.0,-27.623303399999937,0
368.796715100063,0.0,-27.623303399999937,0
368.8634279000107,0.0,-27.623303399999937,0
368.92972849996295,0.0,-27.623303399999937,0
368.9798775999807,0.0,-27.623303399999937,0
369.0299914999632,0.0,-27.623303399999937,0
369.09670900006313,0.0,-27.623303399999937,0
369.16346389998216,0.0,-27.623303399999937,0
369.23001299996395,0.0,-27.623303399999937,0
369.2965234000003,0.0,-27.623303399999937,0
369.3467220000457,0.0,-27.623303399999937,0
369.4134171999758,0.0,-27.623303399999937,0
369.4801448000362,0.0,-27.623303399999937,0
369.5465607000515,0.0,-27.623303399999937,0
369.59662790002767,-0.005228972263768215,-27.623565199999938,2
369.64673649996985,0.005224652061763895,-27.623303399999937,1
369.7133327999618,-0.003931149328591431,-27.623565199999938,2
369.7633766999934,-0.005231406821504844,-27.623826999999938,2
369.8134161999915,0.0,-27.623826999999938,0
369.8801145000616,0.003925137518118644,-27.623565199999938,1
369.94652580004185,-0.003942100216045675,-27.623826999999938,2
369.996719900053,0.005215752447835422,-27.623565199999938,1
370.04672270000447,0.0,-27.623565199999938,0
370.09677329997066,-0.005230706528529274,-27.623826999999938,2
370.16309269994963,-0.003947562856163279,-27.62408879999994,2
370.22961100004613,0.0,-27.62408879999994,0
370.279623099952,0.0,-27.62408879999994,0
370.32969899999443,0.005228063794723121,-27.623826999999938,1
370.3962445000652,-0.011802450942055114,-27.62461239999994,2
370.44639699999243,0.0,-27.62461239999994,0
370.51303479995113,-0.007857402260046444,-27.62513599999994,2
370.57961640006397,0.0,-27.62513599999994,0
370.62964790000115,0.005232703403430553,-27.62487419999994,1
370.6961933999555,-0.00393415032090081,-27.62513599999994,2
370.7462057999801,-0.0104694035827667,-27.625659599999942,2
370.8128553000279,-0.007856022920270614,-27.626183199999943,2
370.86294679995626,0.05226435630282405,-27.623565199999945,1
370.9295291999588,0.019659850049720647,-27.622256199999946,1
370.97952970000915,-0.0314156858114916,-27.623826999999945,2
371.0295453000581,-0.078515503086191,-27.627753999999946,2
371.09628619998693,-0.05883948229926021,-27.631680999999947,2
371.1463076999644,-0.07850624235119986,-27.635607999999948,2
371.21307259995956,-0.01568488831819763,-27.636655199999947,2
371.27949860005174,0.03152982261604832,-27.634560799999946,1
371.3295676000416,0.041830274230021024,-27.632466399999945,1
371.3961849999614,-0.01178971261180702,-27.633251799999947,2
371.4462343000341,-0.13600190192691336,-27.640058599999946,2
371.49640229996294,-0.2400494342426926,-27.652101399999946,2
371.56281350005884,-0.29960006702587116,-27.671998199999948,2
371.6130606000079,-0.3959790718305402,-27.69189499999995,2
371.6796502000652,-0.2083718777114101,-27.70577039999995,2
371.7461942000082,-0.11802717009397305,-27.713624399999947,2
371.7962349000154,-0.07324437906485001,-27.717289599999948,2
371.8628626000136,-0.09037382350226715,-27.72331099999995,2
371.9129195000278,-0.1725915907208489,-27.73195039999995,2
371.97953460004646,-0.21222215377648115,-27.74608759999995,2
372.04623500001617,-0.23157582273892985,-27.76153379999995,2
372.14615050004795,-0.19778732016366485,-27.774623799999947,2
372.19623290002346,-0.2038680255936825,-27.784833999999947,2
372.2464915000601,-0.22398952600746794,-27.79609139999995,2
372.31279820005875,-0.22900249899788439,-27.811275799999947,2
372.3633350000018,-0.3004622377575141,-27.826460199999946,2
372.4302824999904,-0.2932895179557612,-27.846095199999947,2
372.4965514000505,-0.23308369364804393,-27.861541399999947,2
372.5632566000568,-0.16091399169770335,-27.872275199999947,2
372.6133645999944,-0.2403368726549632,-27.884317999999947,2
372.6798764000414,-0.29521077442081084,-27.903952999999948,2
372.74671119998675,-0.3329552870390054,-27.926205999999947,2
372.813208400039,-0.30708661393191783,-27.946626399999946,2
372.87990040006116,-0.1884243986658803,-27.959192799999947,2
372.92997789999936,-0.23525535449132612,-27.970973799999946,2
372.9965980000561,-0.20041699109766906,-27.984325599999945,2
373.0466428999789,-0.2824903241251256,-27.998462799999945,2
373.09665229998063,-0.2879258699265086,-28.012861799999946,2
373.14669720001984,-0.2563338120357702,-28.025689999999948,2
373.19674779998604,-0.20922826114117096,-28.036161999999948,2
373.2632236999925,-0.10239500329196638,-28.042968799999947,2
373.33001559996046,-0.05879455445772664,-28.046895799999948,2
373.3965498000616,-0.07082673261022454,-28.051608199999947,2
373.44667720003054,-0.09400846648583971,-28.056320599999946,2
373.5133637000108,-0.06673914512406871,-28.060771199999945,2
373.57994219998363,-0.10616940908680211,-28.067839799999945,2
373.63003879995085,-0.1776807209635896,-28.076740999999945,2
373.6966354000615,-0.14545186967362936,-28.086427599999944,2
373.7467170000309,-0.19341634464384683,-28.096114199999942,2
373.81342100002803,-0.10204485488567752,-28.10292099999994,2
373.8799956999719,-0.027526973483089977,-28.104753599999942,2
373.9467012999812,-0.054945911579972494,-28.108418799999942,2
374.0132371999789,-0.08656379488667117,-28.114178399999943,2
374.0798638999695,-0.15324487032138154,-28.124388599999943,2
374.13002150005195,-0.21922101499919613,-28.135384199999944,2
374.180075100041,-0.20921572079316278,-28.145856199999944,2
374.2466562000336,-0.12582549703938278,-28.154233799999943,2
374.31337640003767,-0.10594392702015702,-28.161302399999943,2
374.37991749995854,-0.08655703026925247,-28.167061999999945,2
374.43000349996146,-0.08363215269248377,-28.171250799999946,2
374.49660670000594,-0.06682261508497389,-28.175701399999944,2
374.54669009998906,-0.1463638651223797,-28.183031799999945,2
374.61340040003415,-0.1648261211922047,-28.194027399999946,2
374.67988169996534,-0.22052517046411216,-28.208688199999948,2
374.746623700019,-0.20397350976985298,-28.222301799999947,2
374.79672710003797,-0.20900777184840505,-28.232773799999947,2
374.86324800003786,-0.11019694562178924,-28.240104199999948,2
374.9132805999834,-0.12034953223603637,-28.24612559999995,2
374.96334430004936,-0.14642145886827757,-28.25345599999995,2
375.0300136000151,-0.19241539969063967,-28.26628419999995,2
375.0966625000583,-0.2121145283843027,-28.280421399999952,2
375.16302960005123,-0.20118100687572865,-28.29377319999995,2
375.21306460001506,-0.2354551815432601,-28.30555419999995,2
375.27967970003374,-0.07467075781024338,-28.31052839999995,2
375.3296867000172,-0.09947007422252896,-28.31550259999995,2
375.3962127000559,-0.09838258720185432,-28.322047599999948,2
375.4629666999681,-0.11373400859855767,-28.32963979999995,2
375.5295696000103,-0.12578431261539783,-28.33801739999995,2
375.59616089996416,-0.23195522554297607,-28.353463599999948,2
375.6462710000342,-0.0888164261053471,-28.357914199999946,2
375.71281779999845,-0.047208881594407295,-28.361055799999946,2
375.7628716999898,-0.07322506339436391,-28.364720999999946,2
375.8295404999517,-0.08639123552981348,-28.370480599999947,2
375.89616859995294,-0.09037328094132573,-28.37650199999995,2
375.9462733999826,-0.10450096591346006,-28.38173799999995,2
376.0128260999918,-0.0747407693348671,-28.38671219999995,2
376.0794812999666,-0.13746864465889536,-28.39587519999995,2
376.12961040006485,-0.22456816455772483,-28.40713259999995,2
376.17961130000185,-0.2617952880146576,-28.42022259999995,2
376.246182700037,-0.21236146442061715,-28.43435979999995,2
376.2961865999969,-0.2722507646589885,-28.44797339999995,2
376.3628332000226,-0.1767682071621958,-28.459754399999948,2
376.4128452000441,-0.16751179709658393,-28.468131999999947,2
376.47952739999164,-0.08244778972987607,-28.473629799999948,2
376.5295977999922,-0.15685914232588016,-28.481483799999946,2
376.5796091000084,-0.22509712797617032,-28.492741199999948,2
376.62962999998126,-0.27739205027345204,-28.506616599999948,2
376.69616459996905,-0.22821810009809249,-28.521800999999947,2
376.7466204999946,-0.28018923441738314,-28.535938199999947,2
376.8129552999744,-0.17759908831541094,-28.547719199999946,2
376.8795296000317,-0.09831121009715788,-28.554264199999945,2
376.9296604000265,-0.1462254741747547,-28.561594599999946,2
376.9961532000452,-0.149616199004925,-28.571542999999945,2
377.0462118999567,-0.2510332873651616,-28.584109399999946,2
377.14619290002156,-0.2609121079056638,-28.601388199999946,2
377.19646470004227,-0.322876841356652,-28.617619799999947,2
377.26279519998934,-0.20523891740395558,-28.631233399999946,2
377.31282950006425,-0.2040640117821781,-28.641443599999945,2
377.36331909999717,-0.1607420144105547,-28.649559399999944,2
377.41335399996024,-0.19882921735315875,-28.659507799999943,2
377.47986189997755,-0.23224609401257548,-28.674953999999943,2
377.5298981999513,-0.35578969686703293,-28.692756399999944,2
377.58000399998855,-0.3500712489762073,-28.710296999999944,2
377.6466559000546,-0.24745581121697013,-28.726790399999945,2
377.7131482999539,-0.20867648063562172,-28.740665799999945,2
377.7633671000367,-0.22416704464141612,-28.751923199999947,2
377.83000560000073,-0.2553628909592167,-28.768940199999946,2
377.89652099995874,-0.310938519697051,-28.789622399999946,2
377.9465691000223,-0.42370839198814275,-28.810828199999946,2
377.99663980002515,-0.35554525898364336,-28.828630599999947,2
378.0633214999689,-0.21593630654513915,-28.843029599999948,2
378.1300230000634,-0.24727180013393812,-28.85952299999995,2
378.1800569000188,-0.37673657293920826,-28.87837259999995,2
378.2465880999807,-0.29512469354594595,-28.89800759999995,2
378.29666220000945,-0.3398363623158223,-28.91502459999995,2
378.3631808999926,-0.19678676828198438,-28.928114599999947,2
378.4132286000531,-0.2406264420829433,-28.940157399999947,2
378.46328819997143,-0.26671807249333424,-28.953509199999946,2
378.5132961999625,-0.29840425537245474,-28.968431799999944,2
378.56329680001363,-0.32986404129415364,-28.984925199999946,2
378.61338929994963,-0.3031272150401814,-29.000109599999945,2
378.6800296000438,-0.1178566121236519,-29.007963599999943,2
378.7465620000148,-0.11804774821619071,-29.01581759999994,2
378.79662909999024,-0.06797677520109476,-29.01922099999994,2
378.8466938000638,0.01568770009299911,-29.01843559999994,1
378.9132037999807,0.003936250192860421,-29.01817379999994,1
378.9634082999546,-0.010429343988527804,-29.01869739999994,2
379.02982789999805,0.01970803797589519,-29.01738839999994,1
379.079924199963,0.02612967426568924,-29.016079399999942,1
379.1299349999754,0.020939477067765676,-29.015032199999943,1
379.1800404000096,0.010449971453023713,-29.014508599999942,1
379.2466746000573,0.01178674013401157,-29.01372319999994,1
379.2967268000357,0.005230539319212282,-29.01346139999994,1
379.36337659996934,-0.015711975145347456,-29.01450859999994,2
379.42991119995713,-0.019673974146387285,-29.015817599999938,2
379.4799869999988,-0.03659651964571893,-29.017650199999938,2
379.5466476000147,-0.0039273573885860655,-29.01791199999994,2
379.61333960003685,0.0,-29.01791199999994,0
379.6799733999651,0.0,-29.01791199999994,0
379.7299957999494,-0.0052336553240581755,-29.01817379999994,2
379.7966703999555,-0.01570613096898202,-29.019220999999938,2
379.8632130000042,-0.047211861239273824,-29.022362599999937,2
379.9132163999602,-0.11518416757787443,-29.028122199999938,2
379.9633055999875,-0.15680026823589496,-29.035976199999936,2
380.01336570002604,-0.17781027191611526,-29.044877399999937,2
380.07989399996586,-0.14560119541251576,-29.054563999999935,2
380.14636260003317,-0.14967067141365492,-29.064512399999934,2
380.19650199997704,-0.21407914757686689,-29.075246199999935,2
380.2631089000497,-0.1493599009884565,-29.085194599999934,2
380.3131916000275,-0.14113855688959046,-29.092263199999934,2
380.3796474999981,-0.04333400046156566,-29.095142999999933,2
380.44633930001874,-0.066733841321166,-29.09959359999993,2
380.51296359999105,-0.1257439103072127,-29.10797119999993,2
380.5797684000572,-0.2116195241359612,-29.12210839999993,2
380.62981499999296,-0.3138674759158275,-29.13781639999993,2
380.69612920004874,-0.23292447148583856,-29.15326259999993,2
380.74621450004634,-0.2508999646723599,-29.16582899999993,2
380.7963940000627,-0.16695263996780912,-29.17420659999993,2
380.86284489999525,-0.06697576713812184,-29.17865719999993,2
380.9131831000559,-0.05720903799758894,-29.181536999999928,2
380.9795065999497,-0.15789275319868534,-29.192008999999928,2
381.0461846999824,-0.24343225124939075,-29.20824059999993,2
381.11283790005837,-0.2985122991442949,-29.22813739999993,2
381.1630842000013,-0.41682671209179034,-29.24908139999993,2
381.229503700044,-0.22861358471897214,-29.26426579999993,2
381.2961533999769,-0.1885439846338713,-29.27683219999993,2
381.34619850001764,-0.30864560141607644,-29.29227839999993,2
381.41286419995595,-0.2788210431631238,-29.31086619999993,2
381.4794882000424,-0.3340087651765917,-29.333119199999928,2
381.5461673999671,-0.2748383307042883,-29.351445199999926,2
381.59619019995444,-0.26168067367902886,-29.364535199999924,2
381.64644329994917,-0.24485255638536552,-29.376839799999924,2
381.71281619998626,-0.22482971200083093,-29.391762399999923,2
381.7629981000209,-0.37562547426425347,-29.410611999999922,2
381.8130448999582,-0.41325719178701653,-29.431294199999922,2
381.87949600000866,-0.25608304432996665,-29.44831119999992,2
381.94617909996305,-0.2551920953230962,-29.46532819999992,2
382.01282549998723,-0.4635269120131092,-29.49622059999992,2
382.0628273000475,-0.41362910885347437,-29.51690279999992,2
382.14614059997257,-0.32425606893836073,-29.53837039999992,2
382.19616950000636,-0.35584232289685647,-29.55617279999992,2
382.26304250000976,-0.21140370552064006,-29.57030999999992,2
382.32995399995707,-0.26605889890405654,-29.588112399999922,2
382.37996719998773,-0.3925963543217023,-29.607747399999923,2
382.4465783999767,-0.29083997891051383,-29.627120599999923,2
382.5132259000093,-0.23961588945119228,-29.643090399999924,2
382.5632742999587,-0.2563158864810406,-29.655918599999925,2
382.61332590004895,-0.24060769242722396,-29.667961399999925,2
382.66335789998993,-0.28256315991117203,-29.682098599999925,2
382.72986159997527,-0.27950023839424704,-29.700686399999924,2
382.7800127000082,-0.36019548899479625,-29.718750599999925,2
382.84671900002286,-0.22370600672990693,-29.733673199999924,2
382.9132126000477,-0.17717494609404016,-29.745454199999923,2
382.9633774999529,-0.24528305694319805,-29.757758799999923,2
383.0299509000033,-0.2752751096703138,-29.77608479999992,2
383.0965024000034,-0.27929948986849806,-29.79467259999992,2
383.1466342000058,-0.3237785198061301,-29.81090419999992,2
383.1967094000429,-0.24572243327802665,-29.82320879999992,2
383.26331049995497,-0.12971857839292777,-29.83184819999992,2
383.3299945000326,-0.18844700355955996,-29.844414599999922,2
383.3965684999712,-0.21628563723510164,-29.858813599999923,2
383.44657699996606,-0.2774608316870585,-29.872688999999923,2
383.5132197999628,-0.18070669300484848,-29.884731799999923,2
383.5632651000051,-0.1517065537341045,-29.892323999999924,2
383.61331599997357,-0.05230675175968015,-29.894941999999922,2
383.6633269999875,0.0,-29.894941999999922,0
383.72979769995436,0.023631464702230494,-29.893371199999923,1
383.77996049996,0.036533048390322294,-29.891538599999922,1
383.8466457000468,0.03533317733070102,-29.88918239999992,1
383.913321500062,0.0431910828117952,-29.886302599999922,1
383.9633515999885,0.04186279865673322,-29.88420819999992,1
384.0298790000379,0.0,-29.88420819999992,0
384.079966600053,-0.010453685140476076,-29.884731799999923,2
384.14654770004563,0.007864093564961424,-29.88420819999992,1
384.19663110002875,-0.005227280897227847,-29.884469999999922,2
384.2633334000129,-0.02354941284442576,-29.886040799999922,2
384.313341400004,-0.04188129899964278,-29.888135199999923,2
384.3798908999888,-0.047206966253932794,-29.891276799999922,2
384.4465921999654,-0.05494945377808458,-29.894941999999922,2
384.51333129999693,-0.05884106915051728,-29.898868999999923,2
384.57985209999606,-0.03542050005458416,-29.901225199999924,2
384.6300290999934,-0.01565258983282215,-29.902010599999926,2
384.6966000000248,0.003932649248795655,-29.901748799999925,1
384.74664549995214,0.01569371873874623,-29.900963399999924,1
384.8132663000142,0.0,-29.900963399999924,0
384.86330149997957,0.010464632905686319,-29.900439799999923,1
384.92998260003515,0.0471137998230628,-29.897298199999923,1
384.99645510001574,0.05907706196015815,-29.893371199999923,1
385.04673719999846,0.06247949073486233,-29.890229599999923,1
385.11304329999257,0.015793418706469747,-29.889182399999925,1
385.17951319995336,-0.051202123096430914,-29.892585799999924,2
385.22952920000535,-0.06804622513721156,-29.895989199999924,2
385.2796350000426,-0.06792427218941335,-29.899392599999924,2
385.3461775999749,-0.02754025243775767,-29.901225199999924,2
385.39624000003096,-0.015688420833213673,-29.902010599999926,2
385.4627805000637,-0.011803337811015065,-29.902795999999928,2
385.5128671999555,0.0,-29.902795999999928,0
385.5794366999762,0.0,-29.902795999999928,0
385.62955449998844,0.010447385956131741,-29.902272399999926,1
385.696187500027,-0.003928984134715259,-29.902534199999927,2
385.762863400043,-0.015705824739508892,-29.903581399999926,2
385.8294719000114,0.0,-29.903581399999926,0
385.87947609997354,0.005235560216907018,-29.903319599999925,1
385.94617320003454,0.023551248833361023,-29.901748799999925,1
386.01280529994983,0.011787111632357638,-29.900963399999924,1
386.0628249000292,0.005233948283961714,-29.900701599999923,1
386.1294514000183,-0.007858734889059098,-29.901225199999924,2
386.179537900025,-0.005226957363058583,-29.901486999999925,2
386.2461062000366,-0.011798408549767964,-29.902272399999926,2
386.2961830999702,-0.02091183762149704,-29.903319599999925,2
386.34621109999716,-0.005233069478272454,-29.903581399999926,2
386.4128116000211,0.007861802836493957,-29.903057799999925,1
386.46309410000686,0.0,-29.903057799999925,0
386.5295699000126,0.003938275281793927,-29.902795999999924,1
386.59618870005943,0.0,-29.902795999999924,0
386.64626539999153,0.0,-29.902795999999924,0
386.71293030004017,0.0,-29.902795999999924,0
386.77946470002644,0.0,-29.902795999999924,0
386.82948029995896,0.0,-29.902795999999924,0
386.89611370000057,0.0,-29.902795999999924,0
386.9461925000651,0.0,-29.902795999999924,0
387.01279720000457,0.003930653546038739,-29.902534199999923,1
387.06285610003397,0.010459678492585757,-29.902010599999922,1
387.14614009996876,-0.003951340258250917,-29.902272399999923,2
387.1961476999568,0.005235204250208223,-29.902010599999922,1
387.2627871000441,0.0,-29.902010599999922,0
387.3127899999963,-0.01570708900384344,-29.902795999999924,2
387.3631974000018,-0.01038736375895008,-29.903319599999925,2
387.4132705000229,0.0,-29.903319599999925,0
387.4800656000152,0.0,-29.903319599999925,0
387.5465962999733,-0.003935025486954193,-29.903581399999926,2
387.61327490000986,0.003926297190650921,-29.903319599999925,1
387.6632940999698,0.0,-29.903319599999925,0
387.7299624000443,0.0,-29.903319599999925,0
387.7965472000651,0.0,-29.903319599999925,0
387.8466394999996,0.0,-29.903319599999925,0
387.9131518000504,0.0,-29.903319599999925,0
387.9633545000106,0.0,-29.903319599999925,0
388.0298724999884,0.0,-29.903319599999925,0
388.09647119999863,0.0,-29.903319599999925,0
388.1632400000235,0.0,-29.903319599999925,0
388.22980139998253,0.0,-29.903319599999925,0
388.27994869998656,0.0,-29.903319599999925,0
388.32996210001875,0.0,-29.903319599999925,0
388.3964957999997,0.0,-29.903319599999925,0
388.46323019999545,0.0,-29.903319599999925,0
388.51325049996376,0.0,-29.903319599999925,0
388.56327729998156,0.0,-29.903319599999925,0
388.6133179999888,0.0,-29.903319599999925,0
388.67986999999266,0.0,-29.903319599999925,0
388.729940499994,0.0,-29.903319599999925,0
388.796618900029,0.0,-29.903319599999925,0
388.84665299998596,0.0,-29.903319599999925,0
388.9132750000572,0.0,-29.903319599999925,0
388.96331819996703,0.0,-29.903319599999925,0
389.02977280004416,0.0,-29.903319599999925,0
389.0797945000231,-0.00523372856400453,-29.903581399999926,2
389.12985490006395,0.0,-29.903581399999926,0
389.18002289999276,0.0,-29.903581399999926,0
389.24652080005035,0.0,-29.903581399999926,0
389.2965441000415,0.0,-29.903581399999926,0
389.3465481000021,0.0,-29.903581399999926,0
389.4132838000078,0.0,-29.903581399999926,0
389.47991890006233,0.0,-29.903581399999926,0
389.5465479999548,-0.003929214118494438,-29.903843199999926,2
389.6132945000427,0.0,-29.903843199999926,0
389.6799280999694,0.0,-29.903843199999926,0
389.7465936000226,0.0,-29.903843199999926,0
389.79661510000005,0.0,-29.903843199999926,0
389.8632728999946,0.0,-29.903843199999926,0
389.9299049000256,0.0,-29.903843199999926,0
389.9799572000047,0.0,-29.903843199999926,0
390.0464681000449,0.0,-29.903843199999926,0
390.0965841000434,0.0,-29.903843199999926,0
390.16302119998727,0.0,-29.903843199999926,0
390.22944360005204,0.0,-29.903843199999926,0
390.2795320999576,0.0,-29.903843199999926,0
390.3295648000203,0.0,-29.903843199999926,0
390.3961054000538,0.0,-29.903843199999926,0
390.4627819999587,-0.00392641496977084,-29.904104999999927,2
390.5128732000012,0.0,-29.904104999999927,0
390.5796132000396,0.0,-29.904104999999927,0
390.64603790000547,0.0,-29.904104999999927,0
390.6960973000387,0.0,-29.904104999999927,0
390.76303939998616,0.0,-29.904104999999927,0
390.82947280001827,0.0,-29.904104999999927,0
390.89611269999295,0.0,-29.904104999999927,0
390.96276210004,-0.003928017353723797,-29.904366799999927,2
391.01279599999543,0.0,-29.904366799999927,0
391.06281370006036,0.0,-29.904366799999927,0
391.1129845000105,-0.005218174720359054,-29.904628599999928,2
391.16306289995555,-0.0052278028109377555,-29.90489039999993,2
391.22942470002454,0.003945040666887186,-29.904628599999928,1
391.2961412000004,0.0,-29.904628599999928,0
391.3628087999532,0.0,-29.904628599999928,0
391.4294217999559,-0.003930163781685695,-29.90489039999993,2
391.4796069000149,0.0,-29.90489039999993,0
391.5460773999803,0.0,-29.90489039999993,0
391.5961009999737,0.0,-29.90489039999993,0
391.6463159000268,0.0,-29.90489039999993,0
391.7128839000361,-0.007865641147803448,-29.90541399999993,2
391.779569300008,-0.0039258968246469,-29.90567579999993,2
391.84612660005223,-0.007866905653506026,-29.90619939999993,2
391.91276870004367,-0.011785342900371889,-29.906984799999933,2
391.96279370004777,0.0,-29.906984799999933,0
392.02961960004177,0.0,-29.906984799999933,0
392.1460494999774,0.003955041245071664,-29.906722999999932,1
392.19610739999916,0.005229943722890311,-29.90646119999993,1
392.2630224999739,-0.007824840733971838,-29.906984799999933,2
392.3299625000218,-0.007821930081046802,-29.907508399999934,2
392.3964857000392,-0.0078709382570749,-29.908031999999935,2
392.46323430002667,-0.007844359283913587,-29.908555599999936,2
392.5298988999566,0.0,-29.908555599999936,0
392.59652260004077,-0.003929532578786107,-29.908817399999936,2
392.64664229995105,-0.020893979849730612,-29.909864599999935,2
392.71315540000796,-0.011808200179032504,-29.910649999999936,2
392.76331880001817,-0.02609472244173406,-29.911958999999936,2
392.82977299997583,-0.01575822146180651,-29.913006199999934,2
392.8798898999812,-0.01567136035779791,-29.913791599999936,2
392.94659019995015,0.0,-29.913791599999936,0
393.01323599996977,-0.01964114767344305,-29.915100599999935,2
393.0632466999814,-0.041879037876156884,-29.917194999999936,2
393.1298873999622,-0.019642650818156505,-29.918503999999935,2
393.17996680003125,-0.03659388885394161,-29.920336599999935,2
393.24644340004306,-0.035444050983073475,-29.922692799999936,2
393.296506499988,0.0,-29.922692799999936,0
393.3465864000609,0.02091058485491942,-29.921645599999938,1
393.4132200999884,-0.039289428665214565,-29.924263599999936,2
393.46324780001305,-0.156993025786295,-29.932117599999934,2
393.5132620000513,-0.25125664292106537,-29.944683999999935,2
393.57988370000385,-0.23577903312576362,-29.960391999999935,2
393.62994150002487,-0.3137972502467783,-29.976099999999935,2
393.6964364000596,-0.10236574528939446,-29.982906799999935,2
393.74650630005635,-0.06797297378707397,-29.986310199999934,2
393.8132821000181,-0.08625280420898368,-29.992069799999935,2
393.87990509998053,-0.1414646594316729,-30.001494599999937,2
393.9465652999934,-0.25135238113253006,-30.018249799999936,2
394.01310950005427,-0.26359322050531886,-30.035790399999936,2
394.06324549997225,-0.33941678689639393,-30.052807399999935,2
394.12972730002366,-0.22446143137612592,-30.067729999999933,2
394.17999810003676,-0.23435075624281182,-30.079510999999933,2
394.2464893000433,-0.21655497266672724,-30.093909999999934,2
394.29651240003295,-0.3768179102036358,-30.112759599999933,2
394.3465680000372,-0.4393354589321423,-30.13475079999993,2
394.4131769000087,-0.31836286155578036,-30.155956599999932,2
394.46323300001677,-0.3504188300161088,-30.173497199999932,2
394.51325880002696,-0.26166498081657436,-30.18658719999993,2
394.57988420000765,-0.22004820990565518,-30.201247999999932,2
394.62998349999543,-0.3657935341306306,-30.21957399999993,2
394.69641870004125,-0.3034325174921992,-30.23973259999993,2
394.74652180005796,-0.4023423698987806,-30.259891199999927,2
394.7965234000003,-0.7434882092347843,-30.29706679999993,2
394.8465275999624,-0.34031141409895616,-30.314083799999928,2
394.9132286000531,-0.27474850414661667,-30.332409799999926,2
394.963253700058,-0.38203621778154534,-30.351521199999926,2
395.0298353000544,-0.2752412077959065,-30.369847199999924,2
395.0798923999537,-0.29811155720220833,-30.384769799999923,2
395.14615210006014,-0.1303869469091984,-30.393409199999923,2
395.19616930000484,-0.19889957876486886,-30.40335759999992,2
395.246290900046,-0.24549495606472993,-30.41566219999992,2
395.31287170003634,-0.21233148298086651,-30.429799399999922,2
395.37937650003005,-0.22044724593393097,-30.444460199999924,2
395.4294133000076,-0.27730390445092495,-30.458335599999923,2
395.4794413000345,-0.21978891808744308,-30.469331199999925,2
395.5460597999627,-0.05894758969708332,-30.473258199999925,2
395.59617439995054,-0.06791234492192197,-30.476661599999925,2
395.6467823999701,-0.0724233322514824,-30.480326799999926,2
395.7128394000465,-0.04755892632675691,-30.483468399999925,2
395.76287830004003,-0.05231929559480369,-30.486086399999923,2
395.8296233000001,-0.027456738348887375,-30.487918999999923,2
395.8960788999684,0.007878944742799586,-30.487395399999922,1
395.9461506999796,0.03137095130688985,-30.485824599999923,1
396.01273149996996,0.023592386997874058,-30.484253799999923,1
396.0627678000601,0.015696604237025583,-30.48346839999992,1
396.11297200003173,0.010429406310545135,-30.48294479999992,1
396.17953389999457,0.0,-30.48294479999992,0
396.24605509999674,-0.007871174903382846,-30.48346839999992,2
396.2961270000087,0.015685444327301745,-30.48268299999992,1
396.36272980005015,0.011792297013209068,-30.481897599999918,1
396.4127571999561,0.005233132253367914,-30.481635799999918,1
396.4627836999716,-0.010466452776779612,-30.48215939999992,2
396.51284460001625,-0.0104592606112401,-30.48268299999992,2
396.5794306000462,-0.011795272274156422,-30.48346839999992,2
396.6294987000292,0.0,-30.48346839999992,0
396.69603600003757,-0.01180390547710003,-30.484253799999923,2
396.7460662999656,0.0052328289132097545,-30.483991999999922,1
396.81274459999986,-0.003926314856040195,-30.484253799999923,2
396.8627644999651,-0.03140350142824826,-30.485824599999923,2
396.9294348000549,-0.03141428787901715,-30.487918999999923,2
396.99607840005774,-0.04714031054542462,-30.491060599999923,2
397.0461141000269,-0.06801943416596319,-30.494463999999923,2
397.1460088000167,-0.04365132295799671,-30.49734379999992,2
397.19605340005364,-0.07323867105133315,-30.50100899999992,2
397.2460604000371,-0.08376427302949807,-30.505197799999923,2
397.31289699999616,-0.10967643483495709,-30.512528199999924,2
397.36320560006425,-0.22376691032473944,-30.523785599999925,2
397.42972849996295,-0.21645177858942521,-30.538184599999926,2
397.47995249996893,-0.33360942971495855,-30.554939799999925,2
397.5464202000294,-0.21269278141324632,-30.569076999999925,2
397.5964896000223,-0.24575089778859227,-30.581381599999926,2
397.6466283999616,-0.1827526787855363,-30.590544599999927,2
397.71325300005265,-0.13753178236690594,-30.599707599999928,2
397.77994330006186,-0.17665237670804348,-30.611488599999927,2
397.8465559000615,-0.23974143030125503,-30.627458399999927,2
397.91304380004294,-0.252003748120747,-30.644213599999926,2
397.963254100061,-0.3337004557624001,-30.660968799999925,2
398.02975600003265,-0.4448504480717374,-30.690552199999924,2
398.0798833000008,-0.22457622906384397,-30.701809599999926,2
398.1463918000227,-0.21256230399646114,-30.715946799999926,2
398.19675060000736,-0.30672295616058,-30.731392999999926,2
398.2632534999866,-0.2204535441999725,-30.746053799999927,2
398.3299214000581,-0.19241944003404904,-30.75888199999993,2
398.39651089999825,-0.10615187088582527,-30.76595059999993,2
398.4630768999923,-0.07079289728120818,-30.770662999999928,2
398.5132029999513,-0.08356524851175039,-30.77485179999993,2
398.5798646999756,-0.10603689971042644,-30.78192039999993,2
398.6299256000202,-0.209185212224802,-30.79239239999993,2
398.6964867999777,-0.21632722981546085,-30.80679139999993,2
398.74663950002287,-0.266222954855493,-30.82014319999993,2
398.8130839000223,-0.1576054565935723,-30.83061519999993,2
398.8631303999573,-0.15693405153615222,-30.838469199999928,2
398.9132213999983,-0.104529755758819,-30.843705199999928,2
398.97983289998956,-0.06681428883276053,-30.848155799999926,2
399.04636180005036,-0.11805395839735815,-30.856009799999924,2
399.09647430002224,-0.1932970816749646,-30.865696399999923,2
399.16332449996844,-0.15664874612831878,-30.876168399999923,2
399.2297836999642,-0.17332739486390825,-30.88768759999992,2
399.2798971000593,-0.22463851941052387,-30.898944999999923,2
399.3465354000218,-0.176790224339886,-30.910725999999922,2
399.39658820000477,-0.18829715826508103,-30.920150799999924,2
399.4631332999561,-0.08655182732030985,-30.925910399999925,2
399.5132536999881,-0.09924501793324327,-30.930884599999924,2
399.56326029996853,-0.14135334141432554,-30.937953199999924,2
399.6132898000069,-0.1988506779474407,-30.947901599999923,2
399.67987290001474,-0.2005283622785131,-30.961253399999922,2
399.74659039999824,-0.25113650847445596,-30.97800859999992,2
399.8132364000194,-0.2160519760440723,-30.992407599999922,2
399.87986730004195,-0.15716431860371402,-31.002879599999922,2
399.9465488999849,-0.04711344662826038,-31.00602119999992,2
399.9965528000612,-0.08376946585389376,-31.010209999999923,2
400.0631672999589,-0.09432180695868754,-31.01649319999992,2
400.12985589995515,-0.13347408703283659,-31.02539439999992,2
400.1966168000363,-0.1607797376451648,-31.036128199999922,2
400.2631465999875,-0.1377277551821221,-31.045291199999923,2
400.3298712000251,-0.08239539835241036,-31.050788999999924,2
400.39658119995147,0.0,-31.050788999999924,0
400.4632088999497,0.01571718669604646,-31.049741799999925,1
400.52976820000913,0.011800003895750984,-31.048956399999923,1
400.57984180003405,0.01045660786800751,-31.048432799999922,1
400.6300369000528,0.0052156485374505205,-31.048170999999922,1
400.69641510001384,-0.007888131951564665,-31.048694599999923,2
400.762760899961,-0.003945992062926607,-31.048956399999923,2
400.8128505999921,-0.015679870302925475,-31.049741799999925,2
400.8793868999928,-0.01967347147324915,-31.051050799999924,2
400.9296184000559,-0.020847476159077494,-31.052097999999923,2
400.99606150004547,-0.00394021350661171,-31.052359799999923,2
401.0460809000069,0.020935876895903167,-31.051312599999925,1
401.096101299976,0.020935458345945047,-31.050265399999926,1
401.1628897000337,0.0156793694577988,-31.049218199999927,1
401.229337100056,0.007879917044523833,-31.048694599999926,1
401.27961710002273,-0.015620525070000906,-31.049479999999928,2
401.34609340003226,-0.003938245659919145,-31.04974179999993,2
401.39609429996926,-0.010471811520586306,-31.05026539999993,2
401.46271089999937,-0.023579708350324205,-31.05183619999993,2
401.5127496999921,-0.015695820045916336,-31.05262159999993,2
401.5628216000041,0.0,-31.05262159999993,0
401.6130642000353,0.015632152784933954,-31.05183619999993,1
401.67938180000056,0.0157906800087545,-31.05078899999993,1
401.7293882999802,0.020941277642431675,-31.049741799999932,1
401.7795221999986,0.0,-31.049741799999932,0
401.8464327000547,-0.007825378670924825,-31.050265399999933,2
401.91292789997533,-0.011811378880546418,-31.051050799999935,2
401.97961230005603,0.0,-31.051050799999935,0
402.04609319998417,0.0,-31.051050799999935,0
402.14620459999423,0.0,-31.051050799999935,0
402.2129684999818,0.0,-31.051050799999935,0
402.2793879000237,0.0,-31.051050799999935,0
402.34601870004553,0.0,-31.051050799999935,0
402.3961155000143,0.0,-31.051050799999935,0
402.462668400025,0.0,-31.051050799999935,0
402.51305179996416,0.0,-31.051050799999935,0
402.56319460005034,0.0,-31.051050799999935,0
402.61324069998227,0.0,-31.051050799999935,0
402.67983669997193,0.0,-31.051050799999935,0
402.7464757000562,0.0,-31.051050799999935,0
402.79651070002,0.0,-31.051050799999935,0
402.8630787000293,0.0,-31.051050799999935,0
402.9298551999964,0.0,-31.051050799999935,0
402.99648820003495,0.0,-31.051050799999935,0
403.0631359999534,0.0,-31.051050799999935,0
403.1131693000207,0.0,-31.051050799999935,0
403.1632558000274,0.0,-31.051050799999935,0
403.22969109995756,-0.00394067612060465,-31.051312599999935,2
403.27981390000787,0.0,-31.051312599999935,0
403.34641550004017,0.0,-31.051312599999935,0
403.3965717999963,-0.005219683274661811,-31.051574399999936,2
403.463166099973,0.0,-31.051574399999936,0
403.51316900004167,0.0,-31.051574399999936,0
403.57984869997017,0.0,-31.051574399999936,0
403.62991699995473,0.0,-31.051574399999936,0
403.69653329998255,0.0,-31.051574399999936,0
403.7631934999954,0.0,-31.051574399999936,0
403.8297312000068,0.0,-31.051574399999936,0
403.8798891999759,0.0,-31.051574399999936,0
403.94651859998703,0.0,-31.051574399999936,0
404.01309989998117,0.0,-31.051574399999936,0
404.0798243000172,0.0,-31.051574399999936,0
404.1298649000237,0.0,-31.051574399999936,0
404.1799109999556,0.0,-31.051574399999936,0
404.246488600038,0.0,-31.051574399999936,0
404.296512800036,0.0,-31.051574399999936,0
404.36307910003234,0.0,-31.051574399999936,0
404.4131314000115,-0.005230528868984921,-31.051836199999936,2
404.46318439999595,0.0,-31.051836199999936,0
404.52970970002934,0.0,-31.051836199999936,0
404.5797717999667,0.0,-31.051836199999936,0
404.6299309000606,0.0,-31.051836199999936,0
404.6964949000394,0.0,-31.051836199999936,0
404.7632629000582,0.0,-31.051836199999936,0
404.82986659999005,-0.003930712562031544,-31.052097999999937,2
404.87989810004365,0.005232703391254886,-31.051836199999936,1
404.94643270003144,0.0,-31.051836199999936,0
404.99651530000847,-0.005227364396418428,-31.052097999999937,2
405.06301839998923,0.003936658592993789,-31.051836199999936,1
405.12950639997143,-0.003937552642132208,-31.052097999999937,2
405.17964550002944,-0.005221473853681703,-31.052359799999937,2
405.2461973000318,-0.003933777899181982,-31.052621599999938,2
405.3128852000227,0.003925749649270299,-31.052359799999937,1
405.3795080999844,0.003929579771379941,-31.052097999999937,1
405.4462273999816,0.0,-31.052097999999937,0
405.5130047999555,0.0,-31.052097999999937,0
405.57948529999703,0.003937996853762304,-31.051836199999936,1
405.6296336000087,-0.005220515948481231,-31.052097999999937,2
405.69624590000603,0.0,-31.052097999999937,0
405.7627104000421,-0.003938944848119539,-31.052359799999937,2
405.8294905000366,0.0,-31.052359799999937,0
405.8795085999882,0.005234105258967284,-31.052097999999937,1
405.94601970002986,0.0,-31.052097999999937,0
405.9960357999662,0.005234314557378023,-31.051836199999936,1
406.0626502999803,-0.003930075283077125,-31.052097999999937,2
406.1127144000493,-0.005229296035267001,-31.052359799999937,2
406.16278989997227,0.0,-31.052359799999937,0
406.2293272999814,-0.007869258491138918,-31.05288339999994,2
406.279356700019,0.005232923037318733,-31.052621599999938,1
406.329385500052,0.0,-31.052621599999938,0
406.39605680003297,0.003926727093588862,-31.052359799999937,1
406.46272359997965,0.0,-31.052359799999937,0
406.5127913999604,-0.005228909600594497,-31.052621599999938,2
406.56285250000656,0.005229609412470991,-31.052359799999937,1
406.6295298000332,0.0,-31.052359799999937,0
406.69601479999255,0.0,-31.052359799999937,0
406.74606030003633,0.005231239567413222,-31.052097999999937,1
406.81275989999995,0.0,-31.052097999999937,0
406.86279549996834,0.0,-31.052097999999937,0
406.92942760000005,-0.003929037203921319,-31.052359799999937,2
406.9961473000003,0.0,-31.052359799999937,0
407.0626521999948,0.0,-31.052359799999937,0
407.1461361000547,0.003947193842146633,-31.052097999999937,1
407.2127068999689,0.0,-31.052097999999937,0
407.27942200005054,0.0,-31.052097999999937,0
407.34601370000746,0.0,-31.052097999999937,0
407.3960220000008,0.0,-31.052097999999937,0
407.4461410000222,0.0,-31.052097999999937,0
407.5127031999873,0.0,-31.052097999999937,0
407.5793885999592,0.0,-31.052097999999937,0
407.6296408000635,0.0,-31.052097999999937,0
407.69598900002893,0.0,-31.052097999999937,0
407.74642510002013,0.0,-31.052097999999937,0
407.7964483000105,0.0,-31.052097999999937,0
407.8630184000358,0.0,-31.052097999999937,0
407.9130576000316,0.0,-31.052097999999937,0
407.9798281999538,0.0,-31.052097999999937,0
408.0463767000474,0.0,-31.052097999999937,0
408.09647089999635,0.0,-31.052097999999937,0
408.1466678000288,0.0,-31.052097999999937,0
408.21313499996904,0.0,-31.052097999999937,0
408.2798527999548,0.007847980600553197,-31.051574399999936,1
408.3463539000368,-0.00393677698079249,-31.051836199999936,2
408.39649039995857,0.0,-31.051836199999936,0
408.4630105999531,0.003935646615936562,-31.051574399999936,1
408.51314339996316,-0.005222130021614724,-31.051836199999936,2
408.57983429997694,-0.003925573053383557,-31.052097999999937,2
408.6299208999844,0.0,-31.052097999999937,0
408.69646989996545,0.0,-31.052097999999937,0
408.76327070000116,-0.003919114739045904,-31.052359799999937,2
408.8297925000079,0.003935551953998166,-31.052097999999937,1
408.8966286999639,-0.003917038972477369,-31.052359799999937,2
408.96313839999493,0.0,-31.052359799999937,0
409.0131567000644,-0.0052340843178647,-31.052621599999938,2
409.07969399995636,0.0,-31.052621599999938,0
409.1298167000059,0.005223182305447107,-31.052359799999937,1
409.1818950000452,0.0,-31.052359799999937,0
409.2465405999683,0.0,-31.052359799999937,0
409.29657160001807,0.0,-31.052359799999937,0
409.3632578999968,0.0,-31.052359799999937,0
409.4298193999566,0.0,-31.052359799999937,0
409.47984899999574,-0.0052329021178515395,-31.052621599999938,2
409.54660740005784,0.0039216038694227535,-31.052359799999937,1
409.6132794000441,0.0,-31.052359799999937,0
409.679868599982,-0.00393156848624445,-31.052621599999938,2
409.7464204999851,0.0,-31.052621599999938,0
409.7965728000272,0.0,-31.052621599999938,0
409.84660409996286,-0.005232724321308979,-31.05288339999994,2
409.9132252000272,0.0,-31.05288339999994,0
409.9799346999498,0.003924478527103773,-31.052621599999938,1
410.0466212000465,0.0,-31.052621599999938,0
410.09671439998783,0.0,-31.052621599999938,0
410.16273430001456,0.0,-31.052621599999938,0
410.2128034000052,0.0,-31.052621599999938,0
410.26300909998827,0.0,-31.052621599999938,0
410.329462600057,0.0,-31.052621599999938,0
410.37955990002956,0.0,-31.052621599999938,0
410.44616639998276,0.0,-31.052621599999938,0
410.5128822999541,0.0,-31.052621599999938,0
410.5795389000559,0.0,-31.052621599999938,0
410.6303597999504,0.0,-31.052621599999938,0
410.6961059999885,0.0,-31.052621599999938,0
410.7627405000385,0.0,-31.052621599999938,0
410.82941330003086,0.0,-31.052621599999938,0
410.8960417000344,0.0,-31.052621599999938,0
410.96264990000054,0.0,-31.052621599999938,0
411.0293020999525,0.0,-31.052621599999938,0
411.09604610002134,0.0,-31.052621599999938,0
411.16282670001965,0.0,-31.052621599999938,0
411.22932819998823,0.0,-31.052621599999938,0
411.295979800052,0.0,-31.052621599999938,0
411.3460060999496,0.0,-31.052621599999938,0
411.3960336999735,0.0,-31.052621599999938,0
411.46266640000977,0.0,-31.052621599999938,0
411.52927109994926,0.0,-31.052621599999938,0
411.5793050000211,-0.00523245238975895,-31.05288339999994,2
411.6293600000208,0.005230246728629683,-31.052621599999938,1
411.6959825999802,0.0,-31.052621599999938,0
411.74602299998514,0.0,-31.052621599999938,0
411.7960535000311,0.0,-31.052621599999938,0
411.862646900001,0.0,-31.052621599999938,0
411.9127142999787,0.0,-31.052621599999938,0
411.9793290999951,0.0,-31.052621599999938,0
412.045977700036,0.0,-31.052621599999938,0
412.1459961000364,0.0,-31.052621599999938,0
412.19603350001853,-0.0052320864012447245,-31.05288339999994,2
412.2462319000624,0.0,-31.05288339999994,0
412.31269599997904,0.0,-31.05288339999994,0
412.3792803999968,0.0,-31.05288339999994,0
412.42931250005495,0.0,-31.05288339999994,0
412.4960985999787,0.0,-31.05288339999994,0
412.5463057999732,0.0,-31.05288339999994,0
412.59646080003586,0.0,-31.05288339999994,0
412.6465433000121,0.0,-31.05288339999994,0
412.71317620004993,0.0,-31.05288339999994,0
412.7798162000254,0.0,-31.05288339999994,0
412.84640879998915,0.0,-31.05288339999994,0
412.9130373999942,0.0,-31.05288339999994,0
412.97971470002085,0.0,-31.05288339999994,0
413.046392200049,0.0,-31.05288339999994,0
413.09653320000507,-0.005221276006251197,-31.05314519999994,2
413.163177200011,0.0,-31.05314519999994,0
413.22969109995756,0.0,-31.05314519999994,0
413.2964988000458,0.0,-31.05314519999994,0
413.3629579000408,0.0,-31.05314519999994,0
413.4130299000535,0.0,-31.05314519999994,0
413.463147600065,0.0,-31.05314519999994,0
413.5297406000318,0.0,-31.05314519999994,0
413.596501299995,0.0,-31.05314519999994,0
413.6465699999826,0.0,-31.05314519999994,0
413.71311889996286,0.003933949322643179,-31.05288339999994,1
413.77978360001,0.0,-31.05288339999994,0
413.8297906999942,0.0,-31.05288339999994,0
413.89649299997836,-0.003924902140737627,-31.05314519999994,2
413.96304060006514,0.003934026165610954,-31.05288339999994,1
414.01313830004074,-0.00522578881121361,-31.05314519999994,2
414.0797612000024,0.0,-31.05314519999994,0
414.1463312000269,0.003932702417058735,-31.05288339999994,1
414.1965379000176,0.0,-31.05288339999994,0
414.2630413000006,0.0,-31.05288339999994,0
414.3130826000124,0.0,-31.05288339999994,0
414.37964689999353,-0.003933039182779597,-31.05314519999994,2
414.4464402999729,0.0,-31.05314519999994,0
414.49646389996633,-0.010467059549266543,-31.05366879999994,2
414.5630721000489,0.0,-31.05366879999994,0
414.6131692000199,-0.005225851399610215,-31.05393059999994,2
414.67969230003655,0.007870950089052347,-31.05340699999994,1
414.74632409994956,0.003929054900839879,-31.05314519999994,1
414.7965302000521,0.0,-31.05314519999994,0
414.86302960000467,0.0,-31.05314519999994,0
414.9131442999933,-0.005224016108236072,-31.05340699999994,2
414.97961330006365,0.003938678176637095,-31.05314519999994,1
415.0298230999615,0.0052141215566002255,-31.05288339999994,1
415.0965378000401,0.0,-31.05288339999994,0
415.1627590999706,0.0039534107647366985,-31.052621599999938,1
415.2157812999794,0.009875108914993403,-31.052097999999937,1
415.27952029998414,-0.004107375389959503,-31.052359799999937,2
415.3295750999823,0.0,-31.052359799999937,0
415.3962901000632,0.0,-31.052359799999937,0
415.4627753000241,0.0,-31.052359799999937,0
415.51284149999265,0.0,-31.052359799999937,0
415.5794964999659,0.0,-31.052359799999937,0
415.63103030005004,0.0,-31.052359799999937,0
415.696141500026,0.0,-31.052359799999937,0
415.76259489997756,0.0,-31.052359799999937,0
415.81262690003496,0.0,-31.052359799999937,0
415.86265090003144,0.0,-31.052359799999937,0
415.9127042000182,0.0,-31.052359799999937,0
415.9792632999597,-0.00393334645796058,-31.052621599999938,2
416.02928040002007,0.005234209893897691,-31.052359799999937,1
416.07929040002637,0.0,-31.052359799999937,0
416.12929259997327,0.0,-31.052359799999937,0
416.19592450000346,-0.003929048997272911,-31.052621599999938,2
416.2459354000166,0.005234858799405089,-31.052359799999937,1
416.2962721999502,0.0,-31.052359799999937,0
416.36260120000225,0.003946991508910149,-31.052097999999937,1
416.41264019999653,0.010463838207394166,-31.051574399999936,1
416.47930070001166,-0.011782089840635937,-31.052359799999937,2
416.5459575999994,0.0,-31.052359799999937,0
416.61277740006335,0.003918000349437959,-31.052097999999937,1
416.6792780000251,0.003936806587469437,-31.051836199999936,1
416.72938739997335,0.0,-31.051836199999936,0
416.795963200042,0.0,-31.051836199999936,0
416.86261980002746,0.0,-31.051836199999936,0
416.9126468000468,0.0,-31.051836199999936,0
416.97933700005524,0.0,-31.051836199999936,0
417.04595020005945,0.0,-31.051836199999936,0
417.1459494000301,0.0,-31.051836199999936,0
417.19613130006474,0.0,-31.051836199999936,0
417.26259060006123,0.0,-31.051836199999936,0
417.3126212999923,0.0,-31.051836199999936,0
417.37927629996557,0.0,-31.051836199999936,0
417.4459907000419,0.0,-31.051836199999936,0
417.5126170000294,0.0,-31.051836199999936,0
417.5629761000164,0.0,-31.051836199999936,0
417.61323510005604,0.0,-31.051836199999936,0
417.6796195000643,-0.003943697615215007,-31.052097999999937,2
417.7297975999536,0.005217415577264286,-31.051836199999936,1
417.7964304999914,-0.003928990031222915,-31.052097999999937,2
417.86315049999394,0.003923860911122004,-31.051836199999936,1
417.929730999982,0.0,-31.051836199999936,0
417.9964062999934,0.0039264915186762355,-31.051574399999936,1
418.0630242000334,0.0,-31.051574399999936,0
418.11314479995053,0.0,-31.051574399999936,0
418.1631579999812,0.0,-31.051574399999936,0
418.22976460005157,0.0,-31.051574399999936,0
418.2963336999528,0.0,-31.051574399999936,0
418.34646180004347,0.0,-31.051574399999936,0
418.4131474000169,0.0,-31.051574399999936,0
418.4796141999541,0.0,-31.051574399999936,0
418.5297561000334,0.0,-31.051574399999936,0
418.59634539997205,0.0,-31.051574399999936,0
418.6465396999847,-0.005215731665427214,-31.051836199999936,2
418.7130384000484,-0.00393691906382101,-31.052097999999937,2
418.7798050000565,0.0,-31.052097999999937,0
418.8464302000357,0.007858888230935016,-31.051574399999936,1
418.9130560000194,-0.003929408728508968,-31.051836199999936,2
418.96310569997877,-0.00523080058846821,-31.052097999999937,2
419.029771600035,0.003927045157705846,-31.051836199999936,1
419.09640749997925,0.0,-31.051836199999936,0
419.1631937000202,0.0,-31.051836199999936,0
419.2297629000386,0.0,-31.051836199999936,0
419.2963383999886,0.0,-31.051836199999936,0
419.3629629999632,0.0,-31.051836199999936,0
419.41309649997856,0.0,-31.051836199999936,0
419.46316010004375,0.0,-31.051836199999936,0
419.5297666999977,0.0,-31.051836199999936,0
419.5963729999494,0.0,-31.051836199999936,0
419.64649900002405,0.0,-31.051836199999936,0
419.7127110000001,0.0,-31.051836199999936,0
419.7631405000575,0.0,-31.051836199999936,0
419.82982990005985,0.0,-31.051836199999936,0
419.89630390005186,0.0,-31.051836199999936,0
419.9464718999807,-0.005218465961797665,-31.052097999999937,2
420.01308679999784,0.00393005168412129,-31.051836199999936,1
420.0631443000166,0.0,-31.051836199999936,0
420.12993249995634,-0.003919854109500066,-31.052097999999937,2
420.1966048000613,0.00785333638070881,-31.051574399999936,1
420.26314369996544,-0.003934540552627945,-31.051836199999936,2
420.3297091999557,-0.003932968279940172,-31.052097999999937,2
420.39635229995474,0.0,-31.052097999999937,0
420.46297740004957,-0.007858900012979788,-31.052621599999938,2
420.513123700046,0.0052207241614780206,-31.052359799999937,1
420.57979260000866,0.003926868452105201,-31.052097999999937,1
420.6298732999712,-0.010455125435375306,-31.052621599999938,2
420.6963478999678,0.003938346376111516,-31.052359799999937,1
420.7630811999552,-0.003923078883398057,-31.052621599999938,2
420.82945990003645,0.0,-31.052621599999938,0
420.8959216000512,0.0,-31.052621599999938,0
420.94598379998934,-0.005229494515295936,-31.05288339999994,2
421.0126486000372,0.0,-31.05288339999994,0
421.06289259996265,0.0,-31.05288339999994,0
421.1293653000612,0.0,-31.05288339999994,0
421.1800422000233,0.0,-31.05288339999994,0
421.2459589999635,0.0,-31.05288339999994,0
421.2959662999492,0.0,-31.05288339999994,0
421.3628336000256,0.0,-31.05288339999994,0
421.4293103000382,0.0,-31.05288339999994,0
421.4959957000101,0.0,-31.05288339999994,0
421.56265420001,0.0,-31.05288339999994,0
421.6127484999597,0.0,-31.05288339999994,0
421.67926390003413,0.0,-31.05288339999994,0
421.72931940003764,0.0,-31.05288339999994,0
421.79597009997815,0.0,-31.05288339999994,0
421.8626139999833,0.0,-31.05288339999994,0
421.91264350002166,0.0,-31.05288339999994,0
421.9794770999579,0.0,-31.05288339999994,0
422.0459676999599,0.0,-31.05288339999994,0
422.14593580004293,0.0,-31.05288339999994,0
422.2127241999842,0.0,-31.05288339999994,0
422.27923990006093,0.0,-31.05288339999994,0
422.3292627000483,0.0,-31.05288339999994,0
422.37941890000366,0.0,-31.05288339999994,0
422.42950520000886,0.0,-31.05288339999994,0
422.4959072000347,0.0,-31.05288339999994,0
422.5462935999967,0.0,-31.05288339999994,0
422.5963249000488,0.0,-31.05288339999994,0
422.6464854000369,0.0,-31.05288339999994,0
422.7131577000255,0.0,-31.05288339999994,0
422.77975910005625,0.0,-31.05288339999994,0
422.82979750004597,0.0,-31.05288339999994,0
422.89643039996736,0.0,-31.05288339999994,0
422.9630426999647,0.0,-31.05288339999994,0
423.01309579994995,0.0,-31.05288339999994,0
423.0796132000396,0.0,-31.05288339999994,0
423.12976050004363,0.0,-31.05288339999994,0
423.1797856000485,0.0,-31.05288339999994,0
423.2464397000149,0.0,-31.05288339999994,0
423.29648649995215,0.0,-31.05288339999994,0
423.3629653999815,-0.003938091633353131,-31.05314519999994,2
423.41306910000276,0.005225163009693874,-31.05288339999994,1
423.4798330999911,0.0,-31.05288339999994,0
423.54644689999986,0.003930116581931802,-31.052621599999938,1
423.6131227000151,0.003926462073799563,-31.052359799999937,1
423.6797577999532,-0.00392886031900668,-31.052621599999938,2
423.72982080001384,-0.00522941093588087,-31.05288339999994,2
423.7963928000536,0.0,-31.05288339999994,0
423.8464609000366,0.0,-31.05288339999994,0
423.913069000002,0.003930452904918135,-31.052621599999938,1
423.9796375000151,-0.0039327910340253595,-31.05288339999994,2
424.0297245000256,0.0052269051838787295,-31.052621599999938,1
424.096465599956,-0.003922620398422239,-31.05288339999994,2
424.16314980003517,0.0,-31.05288339999994,0
424.22975349996705,-0.003930712562031544,-31.05314519999994,2
424.2797540000174,0.005235947635248601,-31.05288339999994,1
424.3297923000064,0.005231992295057706,-31.052621599999938,1
424.39640970004257,0.0,-31.052621599999938,0
424.4629571000114,0.0,-31.052621599999938,0
424.5130269000074,-0.005228700734195331,-31.05288339999994,2
424.57964590005577,0.003929809811163318,-31.052621599999938,1
424.62985949998256,0.0,-31.052621599999938,0
424.6963458999526,0.0,-31.052621599999938,0
424.7464504999807,-0.00522506915239306,-31.05288339999994,2
424.81303099996876,0.007864164433940607,-31.052359799999937,1
424.8631163999671,-0.005227072160921438,-31.052621599999938,2
424.92981030000374,0.0,-31.052621599999938,0
424.99643439997453,-0.007859017986427148,-31.05314519999994,2
425.04643450002186,0.010471979046129641,-31.052621599999938,1
425.0965024000034,0.010457798313756456,-31.052097999999937,1
425.1629013000056,0.0039428364022772,-31.051836199999936,1
425.2294585000491,0.0,-31.051836199999936,0
425.2794703999534,0.0,-31.051836199999936,0
425.34619349997956,0.0,-31.051836199999936,0
425.4127991000423,0.003930600426290349,-31.051574399999936,1
425.4794558000285,-0.003927587175095861,-31.051836199999936,2
425.5297053999966,-0.005209991724636341,-31.052097999999937,2
425.5961251000408,0.003941601660738494,-31.051836199999936,1
425.66279119998217,-0.003927033383238096,-31.052097999999937,2
425.7292608000571,-0.00393864262316757,-31.052359799999937,2
425.7792940000072,0.005232525608215972,-31.052097999999937,1
425.8293935999973,0.0,-31.052097999999937,0
425.89588630001526,-0.003937274316265901,-31.052359799999937,2
425.9458949000109,0.0,-31.052359799999937,0
425.99589550006203,0.0,-31.052359799999937,0
426.0459230999695,-0.010466222664455882,-31.05288339999994,2
426.1125673999777,0.0,-31.05288339999994,0
426.1627091000555,0.005221203102283733,-31.052621599999938,1
426.2128868000582,0.0,-31.052621599999938,0
426.2793311000569,0.0,-31.052621599999938,0
426.3459381000139,0.0,-31.052621599999938,0
426.41258040000685,0.0,-31.052621599999938,0
426.4792337999679,0.0,-31.052621599999938,0
426.529253100045,0.0,-31.052621599999938,0
426.5958880999824,0.0,-31.052621599999938,0
426.64610450004693,0.0,-31.052621599999938,0
426.71255799999926,0.0,-31.052621599999938,0
426.76261900004465,0.005229619859024652,-31.052359799999937,1
426.81268169998657,-0.0052294422854487505,-31.052621599999938,2
426.8794851000421,-0.0039189622052541746,-31.05288339999994,2
426.9461370999925,0.0,-31.05288339999994,0
427.01251060003415,0.0,-31.05288339999994,0
427.0625700999517,0.0,-31.05288339999994,0
427.1458440000424,0.0,-31.05288339999994,0
427.1959171000635,0.0,-31.05288339999994,0
427.26251809997484,0.0,-31.05288339999994,0
427.31255499995314,0.0,-31.05288339999994,0
427.37920810002834,0.0,-31.05288339999994,0
427.4458949000109,0.0,-31.05288339999994,0
427.51286919997074,0.0,-31.05288339999994,0
427.5794072999852,0.0,-31.05288339999994,0
427.6296437999699,0.0,-31.05288339999994,0
427.6962773000123,0.0,-31.05288339999994,0
427.7629043000052,0.0,-31.05288339999994,0
427.82955609995406,-0.003927875919341553,-31.05314519999994,2
427.8797234999947,0.0,-31.05314519999994,0
427.92991940001957,0.005215565412123561,-31.05288339999994,1
427.9961365000345,0.0,-31.05288339999994,0
428.0465073999949,-0.005197445354477004,-31.05314519999994,2
428.11294739996083,-0.007880794706025504,-31.05366879999994,2
428.16300629999023,0.0,-31.05366879999994,0
428.22948179999366,0.003938293055132689,-31.05340699999994,1
428.2798449000111,-0.0051982503044777145,-31.05366879999994,2
428.3462739000097,0.007882099685543691,-31.05314519999994,1
428.39629820000846,0.01046691308050085,-31.052621599999938,1
428.46275830001105,0.0,-31.052621599999938,0
428.5128389999736,0.0,-31.052621599999938,0
428.57946899998933,0.0,-31.052621599999938,0
428.6295977999689,0.0,-31.052621599999938,0
428.6959652999649,0.0,-31.052621599999938,0
428.74602870002855,0.0,-31.052621599999938,0
428.8127165000187,0.0,-31.052621599999938,0
428.8627202999778,0.0,-31.052621599999938,0
428.91273300000466,-0.005234670390909181,-31.05288339999994,2
428.9793158000102,0.003931946388228314,-31.052621599999938,1
429.0293409000151,0.0,-31.052621599999938,0
429.0959712000331,-0.003929143346634422,-31.05288339999994,2
429.14641030004714,0.005190417749862632,-31.052621599999938,1
429.2132971000392,0.003914075722430575,-31.052359799999937,1
429.2793201999739,0.0039652788230029054,-31.052097999999937,1
429.3296053999802,-0.005206303245627974,-31.052359799999937,2
429.3960776999593,0.003938482647395066,-31.052097999999937,1
429.46266980003566,0.0,-31.052097999999937,0
429.51269270002376,0.005233603011065757,-31.051836199999936,1
429.57932310004253,0.0,-31.051836199999936,0
429.62949580000713,-0.005217977110753236,-31.052097999999937,2
429.69602150004357,0.0,-31.052097999999937,0
429.74606669996865,0.0,-31.052097999999937,0
429.79608240001835,0.0,-31.052097999999937,0
429.8463749999646,-0.005205537201889408,-31.052359799999937,2
429.91301839996595,0.0039283710014005515,-31.052097999999937,1
429.97935479995795,-0.007893102430387718,-31.052621599999938,2
430.04607849998865,0.0,-31.052621599999938,0
430.096079000039,0.010471895270497201,-31.052097999999937,1
430.14650160004385,-0.005192116233097134,-31.052359799999937,2
430.21269620000385,0.00395500539557914,-31.052097999999937,1
430.26289590005763,0.0,-31.052097999999937,0
430.3293495000107,0.0,-31.052097999999937,0
430.3960331999697,0.0,-31.052097999999937,0
430.4460936000105,-0.010459365078446161,-31.052621599999938,2
430.51250379998237,-0.007884331024779168,-31.05314519999994,2
430.56266159994993,0.00521952717561969,-31.05288339999994,1
430.61282240005676,0.0,-31.05288339999994,0
430.6793263000436,0.0,-31.05288339999994,0
430.745905400021,0.0,-31.05288339999994,0
430.79601589997765,-0.010448907922551395,-31.05340699999994,2
430.8625526999822,0.007869329453238788,-31.05288339999994,1
430.91268469998613,0.0,-31.05288339999994,0
430.97920159995556,0.0,-31.05288339999994,0
431.02924519998487,0.0,-31.05288339999994,0
431.09587760001887,0.0,-31.05288339999994,0
431.1459307000041,0.0,-31.05288339999994,0
431.21271999995224,0.0,-31.05288339999994,0
431.27942150004674,0.0,-31.05288339999994,0
431.3459075000137,0.0,-31.05288339999994,0
431.41256950004026,0.0,-31.05288339999994,0
431.4792162999511,0.0,-31.05288339999994,0
431.52924469998106,0.0,-31.05288339999994,0
431.595864300034,0.0,-31.05288339999994,0
431.6459455000004,0.0,-31.05288339999994,0
431.7125158000272,0.0,-31.05288339999994,0
431.76257679995615,-0.005229619871185974,-31.05314519999994,2
431.82924670004286,0.0,-31.05314519999994,0
431.8958888000343,0.0,-31.05314519999994,0
431.94598970003426,0.0,-31.05314519999994,0
432.01252640003804,0.0,-31.05314519999994,0
432.0792275000131,-0.003924972753042882,-31.05340699999994,2
432.1458633999573,0.003977302943256691,-31.05314519999994,1
432.1958867000649,-0.01046712229849025,-31.05366879999994,2
432.2459151999792,0.0,-31.05366879999994,0
432.31249549996573,0.0,-31.05366879999994,0
432.36255670001265,0.0,-31.05366879999994,0
432.4292060000589,-0.003928023247329973,-31.05393059999994,2
432.4958585000131,-0.003927834667564327,-31.05419239999994,2
432.54599600005895,0.010443280967768191,-31.05366879999994,1
432.61271220003255,0.0,-31.05366879999994,0
432.6792993999552,0.0039316865749590285,-31.05340699999994,1
432.72933800006285,-0.010463921829817526,-31.05393059999994,2
432.7960099000484,0.003926691755549948,-31.05366879999994,1
432.86263270000927,0.0,-31.05366879999994,0
432.9126537999837,-0.010467582685465866,-31.05419239999994,2
432.96274019998964,-0.005226967799019568,-31.05445419999994,2
433.0293473000638,0.01179153572404909,-31.05366879999994,1
433.07949769997504,0.0,-31.05366879999994,0
433.1460132000502,0.0,-31.05366879999994,0
433.1960232000565,0.005234953008739094,-31.05340699999994,1
433.26262409996707,0.0,-31.05340699999994,0
433.31271820003167,0.0,-31.05340699999994,0
433.37930350005627,-0.003931798758934514,-31.05366879999994,2
433.42950369999744,-0.005215118670977183,-31.05393059999994,2
433.49601450003684,0.007872405679827355,-31.05340699999994,1
433.5460427000653,0.005233048557634404,-31.05314519999994,1
433.61272049997933,0.003926344305564058,-31.05288339999994,1
433.6793375000125,0.0039299277942527015,-31.052621599999938,1
433.74615779996384,-0.00391797103860012,-31.05288339999994,2
433.81269060005434,0.003934901276421472,-31.052621599999938,1
433.87927020003553,0.003932135369902177,-31.052359799999937,1
433.92934300005436,-0.010456774931762456,-31.05288339999994,2
433.9959581999574,0.003930033991958446,-31.052621599999938,1
434.0460138999624,0.0,-31.052621599999938,0
434.11266119999345,0.0,-31.052621599999938,0
434.1628137000371,0.0,-31.052621599999938,0
434.2293824000517,0.0,-31.052621599999938,0
434.29598589998204,-0.0039307243654427655,-31.05288339999994,2
434.3460452000145,0.0,-31.05288339999994,0
434.4127239000518,-0.003926291302223155,-31.05314519999994,2
434.4793009000132,0.0,-31.05314519999994,0
434.5293460000539,-0.0052312813799334995,-31.05340699999994,2
434.5793572999537,0.0052348169418638835,-31.05314519999994,1
434.62937800004147,-0.01046766636774864,-31.05366879999994,2
434.6959230999928,-0.003934173969104993,-31.05393059999994,2
434.7460056999698,-0.005227364396418428,-31.05419239999994,2
434.81261909997556,0.0,-31.05419239999994,0
434.8626869999571,0.0,-31.05419239999994,0
434.92937769996934,-0.0039255848259483785,-31.05445419999994,2
434.9959567000624,0.003932170799112928,-31.05419239999994,1
435.0459941000445,0.0052320864012447245,-31.05393059999994,1
435.0960203000577,0.0,-31.05393059999994,0
435.14627180004027,0.01041958946860918,-31.05340699999994,1
435.2127563999966,-0.007875508017557011,-31.05393059999994,2
435.2794245999539,0.003926909683589612,-31.05366879999994,1
435.34612500004005,-0.003925013937877115,-31.05393059999994,2
435.41274699999485,0.003929632856677984,-31.05366879999994,1
435.4798180999933,-0.0039033205062408475,-31.05393059999994,2
435.5459988999646,0.0,-31.05393059999994,0
435.6127429000335,0.0,-31.05393059999994,0
435.66282229998615,0.0,-31.05393059999994,0
435.7291769000003,0.0,-31.05393059999994,0
435.7791958999587,0.0,-31.05393059999994,0
435.82930179999676,0.0,-31.05393059999994,0
435.8958756000502,-0.0039324779386157764,-31.05419239999994,2
435.9458817000268,-0.00523536128837305,-31.05445419999994,2
436.01250379998237,0.0,-31.05445419999994,0
436.06251149997115,0.010470387562664402,-31.05393059999994,1
436.1125342999585,0.0,-31.05393059999994,0
436.1625960000092,0.0,-31.05393059999994,0
436.2292085000081,0.0,-31.05393059999994,0
436.295900600031,0.0,-31.05393059999994,0
436.3459062000038,0.0,-31.05393059999994,0
436.4125110000605,0.0,-31.05393059999994,0
436.4626466999762,0.0,-31.05393059999994,0
436.52916529995855,-0.00393574128242888,-31.05419239999994,2
436.5791761999717,0.0,-31.05419239999994,0
436.62928470002953,0.0,-31.05419239999994,0
436.69610820000526,0.0,-31.05419239999994,0
436.7625995000126,0.0,-31.05419239999994,0
436.8291858000448,0.0,-31.05419239999994,0
436.87922440003604,0.0,-31.05419239999994,0
436.9458899999736,0.0,-31.05419239999994,0
437.0125130000524,0.0,-31.05419239999994,0
437.0625326000154,0.0,-31.05419239999994,0
437.1458432000363,0.0,-31.05419239999994,0
437.2124526000116,0.0,-31.05419239999994,0
437.26247640000656,0.0,-31.05419239999994,0
437.3125057000434,0.0,-31.05419239999994,0
437.37912549998146,0.0,-31.05419239999994,0
437.429164399975,0.0,-31.05419239999994,0
437.49582319997717,0.0,-31.05419239999994,0
437.54596130002756,-0.005221577996311905,-31.05445419999994,2
437.6128444999922,0.0,-31.05445419999994,0
437.6792098999722,0.0,-31.05445419999994,0
437.7292793999659,0.0,-31.05445419999994,0
437.7793142000446,0.0,-31.05445419999994,0
437.8293377000373,-0.005233540236855279,-31.054715999999942,2
437.8959417999722,0.003930688955421762,-31.05445419999994,1
437.94599360006396,0.005230581108373513,-31.05419239999994,1
438.01258920005057,0.003931190650022339,-31.05393059999994,1
438.0626583000412,0.0,-31.05393059999994,0
438.12929389998317,0.0,-31.05393059999994,0
438.18045189999975,0.0,-31.05393059999994,0
438.2459802000085,0.0,-31.05393059999994,0
438.3127665000502,0.0,-31.05393059999994,0
438.3792600999586,0.0,-31.05393059999994,0
438.429279300035,0.0,-31.05393059999994,0
438.4793193000369,0.0,-31.05393059999994,0
438.5459826999577,0.0,-31.05393059999994,0
438.6126629000064,0.0,-31.05393059999994,0
438.67928040004335,0.0,-31.05393059999994,0
438.72930460004136,0.0,-31.05393059999994,0
438.77932520001195,0.0,-31.05393059999994,0
438.82937190006487,0.0,-31.05393059999994,0
438.8960445000557,0.0,-31.05393059999994,0
438.9626713000471,0.0,-31.05393059999994,0
439.02929229999427,0.0,-31.05393059999994,0
439.0793695000466,0.0,-31.05393059999994,0
439.14598929998465,0.0,-31.05393059999994,0
439.1960369000444,0.0,-31.05393059999994,0
439.24603949999437,0.0,-31.05393059999994,0
439.31267250003293,0.0,-31.05393059999994,0
439.37926700001117,0.0,-31.05393059999994,0
439.4292803000426,0.0,-31.05393059999994,0
439.479482499999,0.0,-31.05393059999994,0
439.54604150005616,0.0,-31.05393059999994,0
439.6127318999497,0.0,-31.05393059999994,0
439.67926510004327,0.0,-31.05393059999994,0
439.72932889999356,0.0,-31.05393059999994,0
439.796016599983,0.0,-31.05393059999994,0
439.86270389996935,0.0,-31.05393059999994,0
439.9293273000512,0.0,-31.05393059999994,0
439.9959632999962,0.0,-31.05393059999994,0
440.04596749995835,0.0,-31.05393059999994,0
440.09605409996584,0.0,-31.05393059999994,0
440.1626282000216,0.0,-31.05393059999994,0
440.2126837000251,0.0,-31.05393059999994,0
440.2793801999651,0.0,-31.05393059999994,0
440.34601840004325,0.0,-31.05393059999994,0
440.41263569996227,0.0,-31.05393059999994,0
440.46266229997855,0.0,-31.05393059999994,0
440.5292569999583,0.0,-31.05393059999994,0
440.57948339998256,0.0,-31.05393059999994,0
440.64598829997703,0.0,-31.05393059999994,0
440.69601590000093,0.0,-31.05393059999994,0
440.762719499995,0.0,-31.05393059999994,0
440.81272809999064,0.0,-31.05393059999994,0
440.8793021000456,0.0,-31.05393059999994,0
440.94587459997274,-0.003932554737865518,-31.05419239999994,2
441.0125463999575,0.0,-31.05419239999994,0
441.06256009999197,0.0,-31.05419239999994,0
441.1291500000516,0.0,-31.05419239999994,0
441.1792075999547,0.0,-31.05419239999994,0
441.2458230999764,0.0,-31.05419239999994,0
441.29585580003913,0.0,-31.05419239999994,0
441.3625441000331,0.0,-31.05419239999994,0
441.41262309998274,0.0,-31.05419239999994,0
441.47913260001224,0.0,-31.05419239999994,0
441.52913270005956,0.0,-31.05419239999994,0
441.5791698000394,0.0,-31.05419239999994,0
441.62924559996463,0.0,-31.05419239999994,0
441.6958759999834,0.0,-31.05419239999994,0
441.76253199996427,0.0,-31.05419239999994,0
441.8291311999783,0.0,-31.05419239999994,0
441.87915709998924,0.0,-31.05419239999994,0
441.9291739000473,0.0,-31.05419239999994,0
441.99582509999163,0.0,-31.05419239999994,0
442.06255889998283,0.0,-31.05419239999994,0
442.1458586000372,0.0,-31.05419239999994,0
442.19590130005963,0.0,-31.05419239999994,0
442.2625204999931,0.0,-31.05419239999994,0
442.32913860003464,0.0,-31.05419239999994,0
442.3791538999649,0.0,-31.05419239999994,0
442.4458133999724,0.0,-31.05419239999994,0
442.4958601000253,0.0,-31.05419239999994,0
442.54586740001105,0.0,-31.05419239999994,0
442.6124686000403,0.0,-31.05419239999994,0
442.67921360000037,0.0,-31.05419239999994,0
442.7292765000602,0.0,-31.05419239999994,0
442.7792808000231,0.0,-31.05419239999994,0
442.84595079999417,0.0,-31.05419239999994,0
442.8960150000639,0.0,-31.05419239999994,0
442.96262430003844,0.0,-31.05419239999994,0
443.02923780004494,0.0,-31.05419239999994,0
443.0792476000497,0.0,-31.05419239999994,0
443.129263299983,0.0,-31.05419239999994,0
443.1792668000562,0.0,-31.05419239999994,0
443.2459357000189,-0.003926868452105201,-31.05445419999994,2
443.2959849999752,0.005230842393971367,-31.05419239999994,1
443.36258229997475,0.0,-31.05419239999994,0
443.4125992000336,0.0,-31.05419239999994,0
443.4626399000408,0.0,-31.05419239999994,0
443.5292035000166,0.0,-31.05419239999994,0
443.579405699973,0.0,-31.05419239999994,0
443.6459920000052,0.0,-31.05419239999994,0
443.6961151000578,0.0,-31.05419239999994,0
443.7626578999916,0.0,-31.05419239999994,0
443.8292519999668,0.0,-31.05419239999994,0
443.8793090999825,0.0,-31.05419239999994,0
443.94600470003206,0.0,-31.05419239999994,0
444.01278820005246,0.0,-31.05419239999994,0
444.07927860005293,0.0,-31.05419239999994,0
444.1459475000156,0.0,-31.05419239999994,0
444.19596100004856,0.005234586658153077,-31.05393059999994,1
444.2626779000275,0.003924043234662978,-31.05366879999994,1
444.3293085000478,0.003929125655783984,-31.05340699999994,1
444.379330500029,0.0,-31.05340699999994,0
444.4460181000177,-0.003925767309732856,-31.05366879999994,2
444.51260090002324,0.0,-31.05366879999994,0
444.5626428000396,0.0,-31.05366879999994,0
444.6127390000038,0.0,-31.05366879999994,0
444.67926750006154,0.0,-31.05366879999994,0
444.74599790002685,0.0,-31.05366879999994,0
444.79608650004957,0.0,-31.05366879999994,0
444.8625865000067,0.0,-31.05366879999994,0
444.91269290004857,0.0,-31.05366879999994,0
444.979326199973,0.0,-31.05366879999994,0
445.0293579000281,0.0,-31.05366879999994,0
445.0960328000365,0.0,-31.05366879999994,0
445.16264820005745,0.0,-31.05366879999994,0
445.2292945999652,0.0,-31.05366879999994,0
445.27938550000545,0.0,-31.05366879999994,0
445.3460186000448,0.0,-31.05366879999994,0
445.41259670001455,0.0,-31.05366879999994,0
445.4626542000333,0.0,-31.05366879999994,0
445.5292661000276,0.0,-31.05366879999994,0
445.57944280002266,0.0,-31.05366879999994,0
445.63387909997255,0.0,-31.05366879999994,0
445.6959428000264,0.0,-31.05366879999994,0
445.7624833000591,0.0,-31.05366879999994,0
445.82909899996594,0.0,-31.05366879999994,0
445.87913430004846,0.0,-31.05366879999994,0
445.9291530000046,0.0,-31.05366879999994,0
445.99578690005,0.0,-31.05366879999994,0
446.04579979996197,0.0,-31.05366879999994,0
446.09580879996065,0.0,-31.05366879999994,0
446.14583559997845,0.0,-31.05366879999994,0
446.2126127999509,0.0,-31.05366879999994,0
446.27910729998257,0.0,-31.05366879999994,0
446.32914010004606,0.0,-31.05366879999994,0
446.3793026000494,0.0,-31.05366879999994,0
446.44580680003855,0.0,-31.05366879999994,0
446.4958482000511,0.0,-31.05366879999994,0
446.5624444000423,0.0,-31.05366879999994,0
446.6127164000645,0.0,-31.05366879999994,0
446.6629434999777,0.0,-31.05366879999994,0
446.72915170004126,0.0,-31.05366879999994,0
446.7791776000522,0.0,-31.05366879999994,0
446.8457961999811,0.0,-31.05366879999994,0
446.91244900005404,0.0,-31.05366879999994,0
446.9625384999672,0.0,-31.05366879999994,0
447.0291289000306,0.0,-31.05366879999994,0
447.0791845000349,0.0,-31.05366879999994,0
447.14575210004114,0.0,-31.05366879999994,0
447.1958359000273,0.0,-31.05366879999994,0
447.2624346000375,0.0,-31.05366879999994,0
447.3126481999643,0.0,-31.05366879999994,0
447.3790968999965,0.0,-31.05366879999994,0
447.4457881000126,0.0,-31.05366879999994,0
447.51253129995894,0.0,-31.05366879999994,0
447.56256380002014,0.0,-31.05366879999994,0
447.6126423999667,0.0,-31.05366879999994,0
447.662989799981,0.0,-31.05366879999994,0
447.72925229999237,0.0,-31.05366879999994,0
447.7793077999959,0.0,-31.05366879999994,0
447.84599559998605,0.0,-31.05366879999994,0
447.89609050005674,0.0,-31.05366879999994,0
447.9626728000585,0.0,-31.05366879999994,0
448.0292306999909,0.0,-31.05366879999994,0
448.0793318999931,0.0,-31.05366879999994,0
448.14592230005655,0.0,-31.05366879999994,0
448.1960591999814,0.0,-31.05366879999994,0
448.2626588999992,0.0,-31.05366879999994,0
448.32932659995276,0.0,-31.05366879999994,0
448.39594740001485,0.0,-31.05366879999994,0
448.4626110000536,0.0,-31.05366879999994,0
448.52923880005255,0.0,-31.05366879999994,0
448.57929639995564,0.0,-31.05366879999994,0
448.6293869999936,0.0,-31.05366879999994,0
448.6959096000064,0.0,-31.05366879999994,0
448.74598550004885,0.0,-31.05366879999994,0
448.7960207000142,0.0,-31.05366879999994,0
448.8626352000283,0.0,-31.05366879999994,0
448.92922920000274,0.003931285102269341,-31.05340699999994,1
448.97928730002604,0.0,-31.05340699999994,0
449.04596799996216,-0.003926173544231338,-31.05366879999994,2
449.1125813999679,0.003930140181667035,-31.05340699999994,1
449.162723400048,0.0,-31.05340699999994,0
449.2127537999768,0.0,-31.05340699999994,0
449.27928510005586,0.0,-31.05340699999994,0
449.32951840001624,0.0,-31.05340699999994,0
449.39600740000606,0.0,-31.05340699999994,0
449.46260750002693,0.0,-31.05340699999994,0
449.52925410005264,0.0,-31.05340699999994,0
449.5793343000114,0.0,-31.05340699999994,0
449.64602940005716,0.0,-31.05340699999994,0
449.7125850999728,0.0,-31.05340699999994,0
449.76275670004543,0.0,-31.05340699999994,0
449.82931060006376,0.0,-31.05340699999994,0
449.8793142000213,0.0,-31.05340699999994,0
449.9459312000545,-0.0039299277942527015,-31.05366879999994,2
449.995948900003,0.005234147117310386,-31.05340699999994,1
450.0626741000451,0.0,-31.05340699999994,0
450.11268270004075,-0.005235099563332084,-31.05366879999994,2
450.16284070000984,0.0052195063631194985,-31.05340699999994,1
450.22929709998425,0.007878849895594623,-31.05288339999994,1
450.27933559997473,0.010463942766062852,-31.052359799999937,1
450.3459172999719,-0.007864022697259521,-31.05288339999994,2
450.3959622000111,0.0,-31.05288339999994,0
450.4625826999545,0.0,-31.05288339999994,0
450.52924449997954,0.003927286690453846,-31.052621599999938,1
450.57929170003626,-0.005231061871658594,-31.05288339999994,2
450.6293387999758,0.0,-31.05288339999994,0
450.69595760002267,0.003929821609153471,-31.052621599999938,1
450.76249690004624,0.003934516893132804,-31.052359799999937,1
450.8290840999689,0.0,-31.052359799999937,0
450.8792587000644,0.0,-31.052359799999937,0
450.9457720000064,0.0,-31.052359799999937,0
450.99579660000745,0.0,-31.052359799999937,0
451.0624625000637,0.0,-31.052359799999937,0
451.1125571000157,0.0,-31.052359799999937,0
451.17920070001855,0.0,-31.052359799999937,0
451.24574929999653,0.0,-31.052359799999937,0
451.2958683000179,0.0,-31.052359799999937,0
451.362444999977,0.0,-31.052359799999937,0
451.41245780000463,0.0,-31.052359799999937,0
451.46247450006194,0.0,-31.052359799999937,0
451.52908969996497,0.0,-31.052359799999937,0
451.5790965000633,0.0,-31.052359799999937,0
451.62948720005807,0.0,-31.052359799999937,0
451.69591060001403,0.0,-31.052359799999937,0
451.7624689999502,0.0,-31.052359799999937,0
451.82905780000146,0.0,-31.052359799999937,0
451.87935730000027,0.0,-31.052359799999937,0
451.94584790000226,0.0,-31.052359799999937,0
452.0124765000073,0.0,-31.052359799999937,0
452.0793450999772,0.0,-31.052359799999937,0
452.14571790001355,0.0,-31.052359799999937,0
452.1960303999949,0.0,-31.052359799999937,0
452.2623975999886,0.0,-31.052359799999937,0
452.3124578000279,0.0,-31.052359799999937,0
452.379084300017,0.0,-31.052359799999937,0
452.42909410002176,-0.005234973944607144,-31.052621599999938,2
452.47910200001206,0.005235172843705763,-31.052359799999937,1
452.5292264999589,0.0052229947486297675,-31.052097999999937,1
452.57984130003024,-0.005172400160249204,-31.052359799999937,2
452.6459101999644,0.0,-31.052359799999937,0
452.6960237000603,0.005224141189479574,-31.052097999999937,1
452.7626273999922,-0.003930712562031544,-31.052359799999937,2
452.8292217999697,0.0,-31.052359799999937,0
452.8792719000485,0.0,-31.052359799999937,0
452.94593180005904,0.0,-31.052359799999937,0
452.9959336000029,0.0,-31.052359799999937,0
453.0626094000181,0.0,-31.052359799999937,0
453.1292517000111,0.003928435843715505,-31.052097999999937,1
453.18018669995945,-0.0051398841713043136,-31.052359799999937,2
453.2459647000069,0.0,-31.052359799999937,0
453.29597430001013,0.0,-31.052359799999937,0
453.34599719999824,0.0,-31.052359799999937,0
453.4126124000177,0.0,-31.052359799999937,0
453.4626413000515,0.0,-31.052359799999937,0
453.5292074000463,0.0,-31.052359799999937,0
453.57923400006257,0.0,-31.052359799999937,0
453.6293716999935,0.0,-31.052359799999937,0
453.69599949999247,0.0,-31.052359799999937,0
453.7626515000593,0.0,-31.052359799999937,0
453.8292570000049,0.0,-31.052359799999937,0
453.87929209996946,0.0,-31.052359799999937,0
453.9459446000401,0.0,-31.052359799999937,0
453.99595320003573,0.0,-31.052359799999937,0
454.0626347999787,0.0,-31.052359799999937,0
454.1126421999652,0.0,-31.052359799999937,0
454.16270740004256,0.0,-31.052359799999937,0
454.22919540002476,0.0,-31.052359799999937,0
454.2793704000069,-0.005217737919148987,-31.052621599999938,2
454.34607560001314,0.003924731504822033,-31.052359799999937,1
454.41259229998104,0.0,-31.052359799999937,0
454.4792910000542,0.003925113978425056,-31.052097999999937,1
454.545900600031,0.0,-31.052097999999937,0
454.59600360004697,-0.005225236012147949,-31.052359799999937,2
454.6460565000307,0.005230466168497655,-31.052097999999937,1
454.7126070000231,0.0,-31.052097999999937,0
454.7626888999948,0.0,-31.052097999999937,0
454.82931990001816,-0.003929102068231207,-31.052359799999937,2
454.89600589999463,0.003925861501550121,-31.052097999999937,1
454.9460062000435,0.0,-31.052097999999937,0
454.9960975999711,0.0,-31.052097999999937,0
455.0626433000434,-0.003934138490022932,-31.052359799999937,2
455.11265649995767,0.005234618069807276,-31.052097999999937,1
455.1627152999863,0.0,-31.052097999999937,0
455.2294279000489,0.0,-31.052097999999937,0
455.2960249000462,0.0,-31.052097999999937,0
455.3625984999817,-0.003932489759508412,-31.052359799999937,2
455.42926849995274,0.0,-31.052359799999937,0
455.47931029996835,-0.005231626358731208,-31.052621599999938,2
455.54590619995724,0.0,-31.052621599999938,0
455.5959671000019,0.00522963030562005,-31.052359799999937,1
455.64603069995064,-0.005229348274352878,-31.052621599999938,2
455.712572199991,0.0,-31.052621599999938,0
455.7790971000213,0.0,-31.052621599999938,0
455.845724600018,0.0,-31.052621599999938,0
455.8958229999989,0.0,-31.052621599999938,0
455.96245979995,0.0,-31.052621599999938,0
456.0290824000258,0.0,-31.052621599999938,0
456.0791090000421,0.0,-31.052621599999938,0
456.145738500054,0.0,-31.052621599999938,0
456.19586009997874,0.0,-31.052621599999938,0
456.2624217000557,-0.003933198716636581,-31.05288339999994,2
456.31306860002223,0.010338243808527135,-31.052359799999937,1
456.3791037000483,0.00792911648189217,-31.051836199999936,1
456.44573749997653,0.0,-31.051836199999936,0
456.4957686000271,-0.010465490454357568,-31.052359799999937,2
456.5624349999707,0.007854031422765216,-31.051836199999936,1
456.6125073999865,0.0,-31.051836199999936,0
456.6625286999624,-0.005233770416322792,-31.052097999999937,2
456.7291708999546,0.00785688347715511,-31.051574399999936,1
456.79579630005173,0.0,-31.051574399999936,0
456.8625992999878,-0.0039189856780480195,-31.051836199999936,2
456.9290594999911,0.0,-31.051836199999936,0
456.9792297000531,0.0,-31.051836199999936,0
457.0457304000156,0.0,-31.051836199999936,0
457.1456888000248,0.0,-31.051836199999936,0
457.195766299963,0.0,-31.051836199999936,0
457.2625166999642,0.0,-31.051836199999936,0
457.32900789997075,0.0,-31.051836199999936,0
457.37907040002756,0.0,-31.051836199999936,0
457.4457184000639,0.0,-31.051836199999936,0
457.49575240002014,0.0,-31.051836199999936,0
457.54585959995165,0.0,-31.051836199999936,0
457.5959053999977,0.0,-31.051836199999936,0
457.6462119000498,0.0,-31.051836199999936,0
457.71254770003725,0.0039465869115864576,-31.051574399999936,1
457.7626336000394,-0.005227019979449585,-31.051836199999936,2
457.82920300005935,0.003932737863366151,-31.051574399999936,1
457.8793362999568,-0.010444155901792035,-31.052097999999937,2
457.9458704000572,0.007869648784757027,-31.051574399999936,1
457.99590790004004,0.0,-31.051574399999936,0
458.0461428000126,-0.005211516299285467,-31.051836199999936,2
458.1125297000399,0.003943549102193505,-31.051574399999936,1
458.1626266000094,-0.005225872262742245,-31.051836199999936,2
458.22925239999313,0.0,-31.051836199999936,0
458.2793729000259,0.005223411574679509,-31.051574399999936,1
458.34594080003444,0.007865652963860497,-31.051050799999935,1
458.4125352000119,-0.007862522977564183,-31.051574399999936,2
458.46260800003074,-0.005228387465881228,-31.051836199999936,2
458.5292450999841,0.0,-31.051836199999936,0
458.5959146999521,-0.00392682722148662,-31.052097999999937,2
458.64600710000377,0.0,-31.052097999999937,0
458.71252539998386,0.0,-31.052097999999937,0
458.7626840999583,0.0,-31.052097999999937,0
458.8292071999749,0.0,-31.052097999999937,0
458.87936689995695,0.0,-31.052097999999937,0
458.94585619994905,0.0,-31.052097999999937,0
458.99594229995273,0.0,-31.052097999999937,0
459.06257619999815,0.0,-31.052097999999937,0
459.12919690005947,0.0,-31.052097999999937,0
459.17940460005775,0.0,-31.052097999999937,0
459.2460580000188,0.0,-31.052097999999937,0
459.31259380001575,0.0,-31.052097999999937,0
459.3627474999521,0.0,-31.052097999999937,0
459.4292174000293,0.007877249693347011,-31.051574399999936,1
459.47925880004186,0.00523166817743487,-31.051312599999935,1
459.5459099999862,-0.011783733836092217,-31.052097999999937,2
459.59592420002446,0.005234513394188862,-31.051836199999936,1
459.64596860005986,0.005231354553452352,-31.051574399999936,1
459.71259130002,-0.003929591567988891,-31.051836199999936,2
459.76260729995556,0.00523432502273795,-31.051574399999936,1
459.8135211999761,0.0,-31.051574399999936,0
459.8792809000006,0.0,-31.051574399999936,0
459.945881200023,0.0,-31.051574399999936,0
459.9958830999676,0.0,-31.051574399999936,0
460.0626226000022,-0.003922714432446634,-31.051836199999936,2
460.1126745999791,0.0,-31.051836199999936,0
460.16278430004604,0.0,-31.051836199999936,0
460.2292576000327,0.0,-31.051836199999936,0
460.2959912000224,0.0,-31.051836199999936,0
460.3626828000415,0.0,-31.051836199999936,0
460.4292163000209,0.0,-31.051836199999936,0
460.47921839996707,0.0,-31.051836199999936,0
460.54590280004777,0.0,-31.051836199999936,0
460.5959259000374,0.0,-31.051836199999936,0
460.6459730999777,0.0,-31.051836199999936,0
460.7124400000321,0.0,-31.051836199999936,0
460.76246200001333,0.0,-31.051836199999936,0
460.82909949996974,-0.003928718817051011,-31.052097999999937,2
460.895790199982,0.0,-31.052097999999937,0
460.9458117999602,-0.005233739027021343,-31.052359799999937,2
461.01236829999834,0.0,-31.052359799999937,0
461.06236900005024,0.0,-31.052359799999937,0
461.11241910001263,0.0,-31.052359799999937,0
461.16244740004186,0.0,-31.052359799999937,0
461.21248900005594,-0.01046329453599894,-31.05288339999994,2
461.27907419996336,0.0,-31.05288339999994,0
461.329104000004,0.0,-31.05288339999994,0
461.3791274999967,0.0,-31.05288339999994,0
461.44573719997425,-0.003930358492654824,-31.05314519999994,2
461.4957651000004,0.005233079938654206,-31.05288339999994,1
461.54619879997335,0.0,-31.05288339999994,0
461.61241589998826,0.0,-31.05288339999994,0
461.67902040004265,-0.003930665342225277,-31.05314519999994,2
461.7458533999743,0.0039172265238392534,-31.05288339999994,1
461.7959217999596,0.0,-31.05288339999994,0
461.8624034000095,0.0,-31.05288339999994,0
461.91242379997857,-0.005233864586486262,-31.05314519999994,2
461.97908780002035,-0.003927157083822036,-31.05340699999994,2
462.0457525999518,-0.0039271099631164805,-31.05366879999994,2
462.1458141000476,-0.003952974999548515,-31.05393059999994,2
462.21236760006286,0.0,-31.05393059999994,0
462.2790636999998,0.011775800994995532,-31.05314519999994,1
462.3457913000602,-0.003923413996052798,-31.05340699999994,2
462.4123730000574,0.0,-31.05340699999994,0
462.4624150999589,-0.010463190014625399,-31.05393059999994,2
462.51260909996927,0.0,-31.05393059999994,0
462.57927670003846,-0.003926945018693863,-31.05419239999994,2
462.63017080002464,0.0,-31.05419239999994,0
462.6958306999877,0.0039872128977848555,-31.05393059999994,1
462.74605139996856,0.0,-31.05393059999994,0
462.79629970004316,-0.010420253008015246,-31.05445419999994,2
462.86252870003227,0.0,-31.05445419999994,0
462.91255500004627,0.0,-31.05445419999994,0
462.9794709000271,0.007824747184901218,-31.05393059999994,1
463.0458411000436,-0.003944541374514071,-31.05419239999994,2
463.0958501000423,0.0,-31.05419239999994,0
463.1458652999718,0.010468817494247853,-31.05366879999994,1
463.1959422000218,-0.005227959393220661,-31.05393059999994,2
463.2626117999898,0.0,-31.05393059999994,0
463.32927780004684,0.0,-31.05393059999994,0
463.39588139997795,0.0,-31.05393059999994,0
463.4625318000326,0.0,-31.05393059999994,0
463.51255640003365,0.0,-31.05393059999994,0
463.5792524999706,0.0,-31.05393059999994,0
463.62930689996574,0.0,-31.05393059999994,0
463.695931400056,0.0,-31.05393059999994,0
463.76251110003795,0.0,-31.05393059999994,0
463.8126112000318,0.0,-31.05393059999994,0
463.8792461999692,0.0,-31.05393059999994,0
463.9458435999695,0.0,-31.05393059999994,0
463.9959028000012,0.0,-31.05393059999994,0
464.0625478000147,0.0,-31.05393059999994,0
464.11259939998854,-0.005230602021453368,-31.05419239999994,2
464.1626679999754,0.0,-31.05419239999994,0
464.22920629999135,0.0,-31.05419239999994,0
464.27924079995137,0.005232389655321628,-31.05393059999994,1
464.3292537999805,0.0,-31.05393059999994,0
464.39588630001526,-0.00785802723486105,-31.05445419999994,2
464.4460618000012,0.005217685923875885,-31.05419239999994,1
464.5125747000566,0.0039360785619330365,-31.05393059999994,1
464.5792253999971,-0.003927940745313595,-31.05419239999994,2
464.6292630999815,-0.005232055032139574,-31.05445419999994,2
464.69598199997563,0.0,-31.05445419999994,0
464.7625774999615,-0.00393119655315481,-31.054715999999942,2
464.8126405000221,0.0,-31.054715999999942,0
464.8792627999792,0.003929615161419273,-31.05445419999994,1
464.94603600003757,0.003920734662575918,-31.05419239999994,1
465.0126013000263,0.0,-31.05419239999994,0
465.0794659999665,0.003915369398713375,-31.05393059999994,1
465.14591500000097,-0.007879727305577164,-31.05445419999994,2
465.19618630001787,0.005207742785883332,-31.05419239999994,1
465.26260889996774,0.0,-31.05419239999994,0
465.3126232000068,0.0,-31.05419239999994,0
465.3792371000163,0.003930110682042278,-31.05393059999994,1
465.42926330002956,0.0,-31.05393059999994,0
465.4957572000567,0.0,-31.05393059999994,0
465.5458935999777,0.0,-31.05393059999994,0
465.5959317999659,0.0,-31.05393059999994,0
465.646117300028,0.0,-31.05393059999994,0
465.7123616000172,0.0,-31.05393059999994,0
465.76239110005554,0.0,-31.05393059999994,0
465.81241989997216,-0.005232985808900855,-31.05419239999994,2
465.8624261999503,0.0,-31.05419239999994,0
465.9290934000164,0.0,-31.05419239999994,0
465.9956882999977,0.0,-31.05419239999994,0
466.0623591999756,0.011780251957904494,-31.05340699999994,1
466.11242370004766,-0.0104585085089549,-31.05393059999994,2
466.16324579995126,0.0,-31.05393059999994,0
466.2290531999897,0.0,-31.05393059999994,0
466.29579979996197,-0.003922297167329142,-31.05419239999994,2
466.3623854999896,0.0,-31.05419239999994,0
466.4124041000614,0.0,-31.05419239999994,0
466.4624197999947,0.0,-31.05419239999994,0
466.5124705999624,0.0,-31.05419239999994,0
466.57906610006467,0.0,-31.05419239999994,0
466.6291708999779,0.0,-31.05419239999994,0
466.69568979996257,0.0,-31.05419239999994,0
466.74572789995,0.0,-31.05419239999994,0
466.8124197999714,0.0,-31.05419239999994,0
466.87912679999135,0.0,-31.05419239999994,0
466.9456785999937,0.0,-31.05419239999994,0
466.9957365000155,0.0,-31.05419239999994,0
467.0623825000366,0.0,-31.05419239999994,0
467.1457458999939,-0.003963831926152197,-31.05445419999994,2
467.19575139996596,0.0052354241062769515,-31.05419239999994,1
467.26231350004673,-0.0039331691710794165,-31.05445419999994,2
467.3123962000245,0.0,-31.05445419999994,0
467.3790369000053,-0.003928530163631302,-31.054715999999942,2
467.4456586999586,0.0,-31.054715999999942,0
467.4956880999962,0.0,-31.054715999999942,0
467.54588160000276,-0.005215814796053767,-31.054977799999943,2
467.59593690000474,0.005230215381580194,-31.054715999999942,1
467.6627392000519,0.0,-31.054715999999942,0
467.7291760999942,0.0,-31.054715999999942,0
467.7792927999981,0.005223807632582803,-31.05445419999994,1
467.84589830006007,0.0,-31.05445419999994,0
467.8959870999679,0.005226717359604703,-31.05419239999994,1
467.9625382999657,-0.003933813364879247,-31.05445419999994,2
468.02915940003004,0.0,-31.05445419999994,0
468.07922449999023,0.0,-31.05445419999994,0
468.1459033000283,0.0,-31.05445419999994,0
468.19597989995964,0.0,-31.05445419999994,0
468.2625148999505,0.0,-31.05445419999994,0
468.3126395000145,0.0,-31.05445419999994,0
468.37926780001726,0.0,-31.05445419999994,0
468.4458550000563,0.0,-31.05445419999994,0
468.4959296999732,0.0,-31.05445419999994,0
468.5625054000411,0.011797097127011807,-31.05366879999994,1
468.61254530004226,0.026159125017640308,-31.05235979999994,1
468.6626299000345,0.005227155653443502,-31.05209799999994,1
468.7291800000239,0.007867756773970343,-31.05157439999994,1
468.7791924000485,0.015704105374150047,-31.050788999999938,1
468.84585280006286,-0.003927369171855571,-31.05105079999994,2
468.89589539996814,-0.015694628206499257,-31.05183619999994,2
468.94593980000354,-0.005231354553452352,-31.05209799999994,2
469.01252139999997,0.007864034508454472,-31.05157439999994,1
469.06252190005034,0.010471895270497201,-31.05105079999994,1
469.1125512999715,0.0,-31.05105079999994,0
469.1800987999886,-0.0038757911089785345,-31.05131259999994,2
469.24591820000205,0.0,-31.05131259999994,0
469.2965797999641,0.005167622029232375,-31.05105079999994,1
469.36275980004575,0.0,-31.05105079999994,0
469.4292055000551,-0.003940059326083507,-31.05131259999994,2
469.4958800000604,0.0,-31.05131259999994,0
469.56255679996684,0.003926403192226408,-31.05105079999994,1
469.6307187000057,0.0,-31.05105079999994,0
469.6964541999623,0.0,-31.05105079999994,0
469.7625412000343,-0.007922889515782724,-31.05157439999994,2
469.81256200000644,0.0,-31.05157439999994,0
469.87918170006014,0.003929768518755637,-31.05131259999994,1
469.9305788000347,0.0,-31.05131259999994,0
469.99590270000044,-0.004007721525158961,-31.05157439999994,2
470.0624952999642,-0.011794103255126072,-31.05235979999994,2
470.1125568000134,-0.0052295676266736965,-31.05262159999994,2
470.16311990004033,0.005177688865212267,-31.05235979999994,1
470.23000940005295,0.0,-31.05235979999994,0
470.29596500005573,0.0,-31.05235979999994,0
470.3625441000331,0.0,-31.05235979999994,0
470.4125747999642,0.0,-31.05235979999994,0
470.4791933000088,0.0,-31.05235979999994,0
470.5297245000256,-0.0051809575057134485,-31.05262159999994,2
470.5958198000444,0.0,-31.05262159999994,0
470.6461957000429,0.0,-31.05262159999994,0
470.71236939996015,0.0,-31.05262159999994,0
470.7790245000506,0.0,-31.05262159999994,0
470.8456704999553,0.0,-31.05262159999994,0
470.89572879998013,0.0,-31.05262159999994,0
470.9457846999867,0.0,-31.05262159999994,0
471.01239130005706,-0.003930541413664698,-31.052883399999942,2
471.07907079998404,0.0,-31.052883399999942,0
471.14569429995026,-0.003929544381978047,-31.053145199999943,2
471.19573479995597,0.0,-31.053145199999943,0
471.2623331999639,0.0,-31.053145199999943,0
471.312485500006,0.0,-31.053145199999943,0
471.37896979996003,0.0,-31.053145199999943,0
471.4292334000347,0.0,-31.053145199999943,0
471.4957383000292,0.0,-31.053145199999943,0
471.56236119999085,0.0,-31.053145199999943,0
471.6123741000192,0.0,-31.053145199999943,0
471.662596500013,0.0,-31.053145199999943,0
471.72896049998235,0.0,-31.053145199999943,0
471.77898990001995,0.0,-31.053145199999943,0
471.8290100999875,0.0,-31.053145199999943,0
471.8790103000356,0.0,-31.053145199999943,0
471.92909570003394,0.0,-31.053145199999943,0
471.99566600006074,0.0,-31.053145199999943,0
472.0623031000141,0.0,-31.053145199999943,0
472.1458088000072,-0.003947795013236357,-31.053406999999943,2
472.2122984000016,0.0,-31.053406999999943,0
472.27900850004517,0.003924443222675899,-31.053145199999943,1
472.3456967000384,0.0,-31.053145199999943,0
472.412302599987,0.003930582729186556,-31.052883399999942,1
472.4789982000366,-0.003925296418435733,-31.053145199999943,2
472.5294509000378,0.0,-31.053145199999943,0
472.5958772000158,0.011823630102226933,-31.05235979999994,1
472.64591299998574,-0.01046450741898366,-31.052883399999942,2
472.7124979000073,0.0,-31.052883399999942,0
472.7791827999754,0.003925926261046447,-31.05262159999994,1
472.82965780002996,0.0,-31.05262159999994,0
472.8959890999831,0.003946854655115461,-31.05235979999994,1
472.962518400047,-0.003935108286856307,-31.05262159999994,2
473.02965170005336,-0.003899704021328944,-31.052883399999942,2
473.09582429996226,-0.003956320295113649,-31.053145199999943,2
473.1458272000309,-0.005235696322424882,-31.053406999999943,2
473.19617160002235,0.005200181153107124,-31.053145199999943,1
473.26258199999575,-0.003942153640166163,-31.053406999999943,2
473.3295938000083,0.0,-31.053406999999943,0
473.3958499999717,-0.003951328330701955,-31.053668799999944,2
473.46246960002463,0.011789323252853673,-31.052883399999942,1
473.51252119999845,-0.005230602021453368,-31.053145199999943,2
473.5791265000589,0.003930618130423589,-31.052883399999942,1
473.62945799995214,0.005201513973464463,-31.05262159999994,1
473.69585210003424,-0.003943121447180436,-31.052883399999942,2
473.762465900043,0.0,-31.052883399999942,0
473.8125386000611,0.0,-31.052883399999942,0
473.87921299994923,0.0,-31.052883399999942,0
473.92937380005606,0.0,-31.052883399999942,0
473.995828300016,0.0,-31.052883399999942,0
474.0624375999905,0.0,-31.052883399999942,0
474.1124978000298,0.0,-31.052883399999942,0
474.17919940000866,-0.003924943330940256,-31.053145199999943,2
474.24583390005864,0.0,-31.053145199999943,0
474.29618229996413,0.0,-31.053145199999943,0
474.36255119997077,0.0,-31.053145199999943,0
474.4125762999756,0.0,-31.053145199999943,0
474.4791505000321,0.0,-31.053145199999943,0
474.52916529995855,0.0,-31.053145199999943,0
474.5792435000185,0.0,-31.053145199999943,0
474.64604390005115,0.0,-31.053145199999943,0
474.71249519998673,0.0,-31.053145199999943,0
474.77918810001574,0.0,-31.053145199999943,0
474.84581039997283,0.0,-31.053145199999943,0
474.9125207000179,0.0,-31.053145199999943,0
474.9791261999635,0.0,-31.053145199999943,0
475.02914590004366,-0.005233937820108213,-31.053406999999943,2
475.09608509996906,0.0,-31.053406999999943,0
475.16247900004964,0.0,-31.053406999999943,0
475.2125481000403,0.005228773835536963,-31.053145199999943,1
475.27917590003926,0.0,-31.053145199999943,0
475.3292076999787,-0.005232672026926484,-31.053406999999943,2
475.39581000001635,-0.003930795180528069,-31.053668799999944,2
475.44581579999067,0.005235392697136567,-31.053406999999943,1
475.49587810004596,-0.0052294840570823444,-31.053668799999944,2
475.56244040001184,0.0,-31.053668799999944,0
475.61256080004387,-0.005223421996486488,-31.053930599999944,2
475.66269939998165,-0.005221525936601232,-31.054192399999945,2
475.729030800052,0.007893697395875284,-31.053668799999944,1
475.77903570001945,-0.005235486925688346,-31.053930599999944,2
475.82904019998387,0.0,-31.053930599999944,0
475.8956927000545,0.0,-31.053930599999944,0
475.96234740002546,-0.003927705024762378,-31.054192399999945,2
476.01241670001764,0.0,-31.054192399999945,0
476.06242099998053,0.0,-31.054192399999945,0
476.1290108000394,0.0,-31.054192399999945,0
476.19574290001765,0.00392314943011408,-31.053930599999944,1
476.26233850000426,0.0,-31.053930599999944,0
476.3123680000426,-0.005232912577564229,-31.054192399999945,2
476.3624854000518,-0.00522373467003515,-31.054454199999945,2
476.42900849995203,0.0,-31.054454199999945,0
476.4956774000311,-0.007853736890496432,-31.054977799999946,2
476.56233380001504,-0.003927604852094991,-31.055239599999947,2
476.6123754000291,-0.01569494180399841,-31.05602499999995,2
476.6623942999868,0.010468043088579074,-31.055501399999947,1
476.7290272000246,0.003928990031222915,-31.055239599999947,1
476.79565630003344,0.015716856446517033,-31.05419239999995,1
476.86241030006204,0.0039218623586279935,-31.053930599999948,1
476.9289834999945,0.0,-31.053930599999948,0
476.9790452000452,-0.005229546734025457,-31.05419239999995,2
477.0456906000618,-0.003928253111766369,-31.05445419999995,2
477.1456074999878,0.0,-31.05445419999995,0
477.1956728999503,0.0,-31.05445419999995,0
477.26225859997794,0.0,-31.05445419999995,0
477.31230560003314,0.0,-31.05445419999995,0
477.36236489994917,0.0,-31.05445419999995,0
477.4289458000567,0.0,-31.05445419999995,0
477.49579820001964,0.0,-31.05445419999995,0
477.56243849999737,0.0,-31.05445419999995,0
477.6126297999872,0.0,-31.05445419999995,0
477.6790479000192,0.0,-31.05445419999995,0
477.729107900057,0.0,-31.05445419999995,0
477.77911330002826,0.0,-31.05445419999995,0
477.8292129000183,0.0,-31.05445419999995,0
477.8960831000004,0.0,-31.05445419999995,0
477.96241599996574,0.0,-31.05445419999995,0
478.0124465000117,0.0,-31.05445419999995,0
478.06262510002125,0.0,-31.05445419999995,0
478.12906710000243,0.0,-31.05445419999995,0
478.1790871999692,0.0,-31.05445419999995,0
478.2293818000471,0.0,-31.05445419999995,0
478.2960927999811,0.003924390284345895,-31.05419239999995,1
478.36250279995147,-0.003942177384684515,-31.05445419999995,2
478.4292845999589,-0.003920229762761766,-31.05471599999995,2
478.4957475999836,-0.003939033746638408,-31.05497779999995,2
478.54577419999987,0.0,-31.05497779999995,0
478.59578970004804,0.010468754675963712,-31.05445419999995,1
478.6459162000101,-0.005222786354486029,-31.05471599999995,2
478.69609660003334,0.0,-31.05471599999995,0
478.7624675000552,0.0,-31.05471599999995,0
478.8125178000191,0.0,-31.05471599999995,0
478.8791611000197,-0.003928376896068004,-31.05497779999995,2
478.9292535999557,0.005226331293796232,-31.05471599999995,1
478.9957849000348,-0.00393498999251226,-31.05497779999995,2
479.0472326000454,-0.0050886628546270496,-31.05523959999995,2
479.1124370000325,0.0,-31.05523959999995,0
479.1792550999671,0.0039181000396032424,-31.05497779999995,1
479.229384199949,0.0,-31.05497779999995,0
479.29576959996484,0.003943638208664116,-31.05471599999995,1
479.347294599982,0.0,-31.05471599999995,0
479.4124584000092,0.0,-31.05471599999995,0
479.47910150000826,0.0,-31.05471599999995,0
479.5291440000292,0.0,-31.05471599999995,0
479.5959412000375,0.0,-31.05471599999995,0
479.64711939997505,0.0,-31.05471599999995,0
479.71271660004277,0.0,-31.05471599999995,0
479.7792043000227,0.0,-31.05471599999995,0
479.8471087999642,0.0,-31.05471599999995,0
479.91247300000396,0.0,-31.05471599999995,0
479.9791250999551,0.0,-31.05471599999995,0
480.0292595999781,0.0,-31.05471599999995,0
480.07928189996164,0.0,-31.05471599999995,0
480.14716749999207,0.0,-31.05471599999995,0
480.2125113999937,0.0,-31.05471599999995,0
480.2791108000092,0.0,-31.05471599999995,0
480.32922159996815,0.0,-31.05471599999995,0
480.39579730003607,-0.003932365709003936,-31.05497779999995,2
480.4469989000354,0.0,-31.05497779999995,0
480.5124222000595,0.004001632444457443,-31.05471599999995,1
480.5790837999666,0.0,-31.05471599999995,0
480.6293072999688,0.0,-31.05471599999995,0
480.6794291000115,0.0,-31.05471599999995,0
480.7456958000548,0.0,-31.05471599999995,0
480.7957099999767,0.0,-31.05471599999995,0
480.86229610000737,0.003931751519901794,-31.05445419999995,1
480.91236169997137,-0.005229139372907696,-31.05471599999995,2
480.96237119997386,0.005235005348723197,-31.05445419999995,1
481.01241900003515,0.0,-31.05445419999995,0
481.0790115999989,0.0,-31.05445419999995,0
481.12928949994966,0.0,-31.05445419999995,0
481.19569610001054,0.0,-31.05445419999995,0
481.26230379997287,-0.007860953017385375,-31.05497779999995,2
481.31231980002485,0.010468650021109471,-31.05445419999995,1
481.3789606000064,0.0,-31.05445419999995,0
481.4289926000638,-0.005232651097290727,-31.05471599999995,2
481.4956085999729,0.0,-31.05471599999995,0
481.56260099995416,0.0,-31.05471599999995,0
481.6293119000038,0.0,-31.05471599999995,0
481.69558709999546,0.0,-31.05471599999995,0
481.74614950001705,0.0,-31.05471599999995,0
481.81231980002485,0.0,-31.05471599999995,0
481.86235770001076,0.0,-31.05471599999995,0
481.92899120005313,0.0,-31.05471599999995,0
481.9955951999873,0.0,-31.05471599999995,0
482.0464578999672,0.0,-31.05471599999995,0
482.1459722999716,0.0,-31.05471599999995,0
482.21249099995475,0.0,-31.05471599999995,0
482.2790237000445,0.0,-31.05471599999995,0
482.3459445000626,0.0,-31.05471599999995,0
482.4122852999717,0.0,-31.05471599999995,0
482.4788963999599,0.0,-31.05471599999995,0
482.5295508999843,0.0,-31.05471599999995,0
482.5957333999686,-0.003955728479011626,-31.05497779999995,2
482.6460051999893,0.00520769098962342,-31.05471599999995,1
482.712895500008,0.0,-31.05471599999995,0
482.7791287000291,0.0,-31.05471599999995,0
482.8295995000517,0.0,-31.05471599999995,0
482.89575440005865,-0.003957378818084475,-31.05497779999995,2
482.94674539996777,0.0051342393847269305,-31.05471599999995,1
483.0129801000003,0.0,-31.05471599999995,0
483.0790453000227,-0.003962751946730625,-31.05497779999995,2
483.12951959995553,0.005186798040753355,-31.05471599999995,1
483.1796179000521,-0.005225726212172971,-31.05497779999995,2
483.2465836000629,0.0,-31.05497779999995,0
483.31319530005567,0.0,-31.05497779999995,0
483.37907430005725,0.0,-31.05497779999995,0
483.4293290000642,0.0,-31.05497779999995,0
483.4804528000532,0.0,-31.05497779999995,0
483.54666890006047,0.0,-31.05497779999995,0
483.6130828000605,0.0,-31.05497779999995,0
483.67906570003834,0.0,-31.05497779999995,0
483.72946399997454,0.0,-31.05497779999995,0
483.79578980000224,0.0,-31.05497779999995,0
483.8466808999656,0.0,-31.05497779999995,0
483.91293069999665,0.0,-31.05497779999995,0
483.97909300005995,0.0,-31.05497779999995,0
484.0294511000393,0.0,-31.05497779999995,0
484.0958056000527,0.0,-31.05497779999995,0
484.14678589999676,0.0,-31.05497779999995,0
484.21255990001373,0.0,-31.05497779999995,0
484.27914380002767,0.0,-31.05497779999995,0
484.32960689999163,0.0,-31.05497779999995,0
484.3957379000494,0.0,-31.05497779999995,0
484.4465462999651,0.0,-31.05497779999995,0
484.5130715999985,0.0,-31.05497779999995,0
484.5791077000322,0.0,-31.05497779999995,0
484.62961659999564,0.0,-31.05497779999995,0
484.69639030005783,0.0,-31.05497779999995,0
484.7468966000015,0.0,-31.05497779999995,0
484.81323129998054,-0.0039466523566500595,-31.05523959999995,2
484.87922280002385,0.0,-31.05523959999995,0
484.9298409000039,-0.005172062959754518,-31.05550139999995,2
484.9957833000226,0.011910394522757125,-31.05471599999995,1
485.04654989996925,0.0,-31.05471599999995,0
485.1124539000448,-0.003972444763594705,-31.05497779999995,2
485.1625528000295,0.0,-31.05497779999995,0
485.22975890000816,0.0,-31.05497779999995,0
485.29575980000664,0.0,-31.05497779999995,0
485.34657639998477,0.0,-31.05497779999995,0
485.4124142000219,0.003976439064677302,-31.05471599999995,1
485.47906449995935,-0.0039279643189248665,-31.05497779999995,2
485.530142200063,0.0,-31.05497779999995,0
485.59584690001793,0.0,-31.05497779999995,0
485.64605089998804,-0.005214723929485243,-31.05523959999995,2
485.71225920005236,0.003954187008965267,-31.05497779999995,1
485.76230309996754,0.0,-31.05497779999995,0
485.82896369998343,-0.0039273573885860655,-31.05523959999995,2
485.87897439999506,0.0,-31.05523959999995,0
485.9289777999511,0.0052356439808124745,-31.05497779999995,1
485.97901070001535,-0.005232556970789143,-31.05523959999995,2
486.0456315999618,0.003929697740656738,-31.05497779999995,1
486.11229950003326,0.0,-31.05497779999995,0
486.1793429000536,-0.003904933221175823,-31.05523959999995,2
486.24556890001986,0.0,-31.05523959999995,0
486.31227740005124,0.0,-31.05523959999995,0
486.3623070999747,0.0,-31.05523959999995,0
486.4124445000198,0.0,-31.05523959999995,0
486.4789903999772,0.0,-31.05523959999995,0
486.5456724000396,0.0,-31.05523959999995,0
486.61228630004916,0.0,-31.05523959999995,0
486.67900020000525,0.0,-31.05523959999995,0
486.7456174000399,0.0,-31.05523959999995,0
486.8122823999729,0.0,-31.05523959999995,0
486.8791560999816,0.0,-31.05523959999995,0
486.94561269995756,0.0,-31.05523959999995,0
486.9956482000416,0.0,-31.05523959999995,0
487.0622592000291,0.0,-31.05523959999995,0
487.14556340000127,0.01187631934872201,-31.05445419999995,1
487.19562829995994,0.010458424973029913,-31.053930599999948,1
487.2621996999951,-0.003932619711492911,-31.05419239999995,2
487.3122492999537,0.0,-31.05419239999995,0
487.3788630999625,0.003930116581931802,-31.053930599999948,1
487.42892540001776,0.0,-31.053930599999948,0
487.4958435000153,0.0,-31.053930599999948,0
487.54627880000044,0.010381617639918359,-31.053406999999947,1
487.612347300048,0.003962554013055876,-31.053145199999946,1
487.6626044999575,0.0,-31.053145199999946,0
487.71290389995556,0.0,-31.053145199999946,0
487.764148700051,-0.01532643309247274,-31.053930599999948,2
487.8299048000481,0.0,-31.053930599999948,0
487.89577349997126,0.003974573664053115,-31.053668799999947,1
487.94630850001704,0.010361135837056053,-31.053145199999946,1
488.012963199988,0.007855410049524756,-31.052621599999945,1
488.0641065000091,0.0,-31.052621599999945,0
488.12974160001613,-0.003988719449987139,-31.052883399999946,2
488.18049409997184,0.0,-31.052883399999946,0
488.2464746000478,0.0,-31.052883399999946,0
488.3131537999725,-0.00392626186720412,-31.053145199999946,2
488.36410130001605,0.0,-31.053145199999946,0
488.4299535000464,0.0,-31.053145199999946,0
488.49574669997673,0.0,-31.053145199999946,0
488.5462792000035,0.0,-31.053145199999946,0
488.61302859999705,0.0,-31.053145199999946,0
488.66400210000575,0.0,-31.053145199999946,0
488.72952499997336,0.0,-31.053145199999946,0
488.7958383000223,0.0,-31.053145199999946,0
488.8462688999716,0.0,-31.053145199999946,0
488.9129852000624,0.0,-31.053145199999946,0
488.9639881000621,0.0,-31.053145199999946,0
489.02978760004044,0.0,-31.053145199999946,0
489.09572520002257,-0.0039704205198692645,-31.053406999999947,2
489.14633879996836,0.005172522805735948,-31.053145199999946,1
489.2134223000612,-0.003902598994352517,-31.053406999999947,2
489.26389549998567,-0.0051869110813629795,-31.053668799999947,2
489.3297004000051,0.0,-31.053668799999947,0
489.39569609996397,-0.003966925120320517,-31.053930599999948,2
489.4463684000075,0.0,-31.053930599999948,0
489.51313259999733,0.0,-31.053930599999948,0
489.5639238000149,-0.005154436199765036,-31.05419239999995,2
489.6299012999516,-0.0039680194043597685,-31.05445419999995,2
489.6957417000085,0.0,-31.05445419999995,0
489.7464351999806,0.0,-31.05445419999995,0
489.81295809999574,0.0,-31.05445419999995,0
489.8638980999822,0.0,-31.05445419999995,0
489.9298128000228,-0.003971799914719627,-31.05471599999995,2
489.9957343999995,0.0,-31.05471599999995,0
490.04582260001916,-0.005226779958097439,-31.05497779999995,2
490.09596199996304,0.0,-31.05497779999995,0
490.14648680004757,0.0,-31.05497779999995,0
490.2125702999765,0.0,-31.05497779999995,0
490.2639365999494,0.0,-31.05497779999995,0
490.32911090005655,0.0,-31.05497779999995,0
490.3957361000357,-0.003929444115467508,-31.05523959999995,2
490.4463554000249,0.0,-31.05523959999995,0
490.5123694000067,0.0,-31.05523959999995,0
490.56375960004516,-0.005094356507742143,-31.05550139999995,2
490.6292724000523,0.0,-31.05550139999995,0
490.695608500042,0.0,-31.05550139999995,0
490.7629250000464,0.0,-31.05550139999995,0
490.82894629996736,0.0,-31.05550139999995,0
490.89563819998875,0.0,-31.05550139999995,0
490.96285530005116,0.003894842231469856,-31.05523959999995,1
491.02933990000747,-0.003937754008778506,-31.05550139999995,2
491.0957809999818,0.0,-31.05550139999995,0
491.16281010000966,0.0,-31.05550139999995,0
491.2289760999847,0.0,-31.05550139999995,0
491.2956709000282,0.0,-31.05550139999995,0
491.36271659994964,0.0,-31.05550139999995,0
491.42890499997884,0.0,-31.05550139999995,0
491.49556239997037,0.0,-31.05550139999995,0
491.5626828999957,0.0,-31.05550139999995,0
491.6292319999775,0.0,-31.05550139999995,0
491.69557370000985,0.0,-31.05550139999995,0
491.7455831000116,0.0,-31.05550139999995,0
491.8122583000222,0.0,-31.05550139999995,0
491.86261129996274,0.0,-31.05550139999995,0
491.9291995000094,0.0,-31.05550139999995,0
491.99559139995836,0.0,-31.05550139999995,0
492.0456609999528,0.0,-31.05550139999995,0
492.14554269996006,0.0,-31.05550139999995,0
492.19561609998345,0.0,-31.05550139999995,0
492.262442599982,0.0,-31.05550139999995,0
492.3291019999888,0.0,-31.05550139999995,0
492.39559420000296,0.0,-31.05550139999995,0
492.46239660005085,0.0,-31.05550139999995,0
492.53051349997986,0.0,-31.05550139999995,0
492.59588949999306,0.0,-31.05550139999995,0
492.64590030000545,0.0,-31.05550139999995,0
492.7123303000117,0.0,-31.05550139999995,0
492.7635832000524,0.0,-31.05550139999995,0
492.83020009996835,0.0,-31.05550139999995,0
492.89567780005746,0.0,-31.05550139999995,0
492.9633050999837,0.0,-31.05550139999995,0
493.03026639996096,0.0,-31.05550139999995,0
493.09569470002316,0.0,-31.05550139999995,0
493.14572979998775,0.00523232691021468,-31.05523959999995,1
493.1957894000225,0.005229766115158278,-31.05497779999995,1
493.2632564000087,-0.007760831222776022,-31.05550139999995,2
493.3302338999929,0.0,-31.05550139999995,0
493.3956885000225,0.0,-31.05550139999995,0
493.44571959995665,-0.005232745239354645,-31.05576319999995,2
493.51233149995096,0.0,-31.05576319999995,0
493.5633884000126,0.0,-31.05576319999995,0
493.63023630005773,0.0,-31.05576319999995,0
493.69567689998075,0.0,-31.05576319999995,0
493.7457017999841,0.0,-31.05576319999995,0
493.79572529997677,0.0,-31.05576319999995,0
493.8458272999851,0.0,-31.05576319999995,0
493.91231859999243,0.0,-31.05576319999995,0
493.96337040001526,0.0,-31.05576319999995,0
494.03033630002756,0.0,-31.05576319999995,0
494.09570329997223,0.0,-31.05576319999995,0
494.1457776000025,0.0,-31.05576319999995,0
494.1959475000622,0.0,-31.05576319999995,0
494.26330310001504,0.0,-31.05576319999995,0
494.33016490004957,0.0,-31.05576319999995,0
494.39566479995847,0.0,-31.05576319999995,0
494.44571959995665,0.0,-31.05576319999995,0
494.5123828999931,0.0,-31.05576319999995,0
494.5630092000356,0.0,-31.05576319999995,0
494.63001449999865,0.0,-31.05576319999995,0
494.69566760002635,0.0,-31.05576319999995,0
494.7457103000488,0.0,-31.05576319999995,0
494.7957606000127,0.0,-31.05576319999995,0
494.84584109997377,0.0,-31.05576319999995,0
494.91239539999515,0.0,-31.05576319999995,0
494.9633464999497,0.0,-31.05576319999995,0
495.030331499991,0.0,-31.05576319999995,0
495.09574649995193,0.0,-31.05576319999995,0
495.1457546000602,0.0,-31.05576319999995,0
495.19584249996115,0.0,-31.05576319999995,0
495.26357840001583,0.0,-31.05576319999995,0
495.3290911000222,0.0,-31.05576319999995,0
495.3790930999676,0.0,-31.05576319999995,0
495.4457799999509,0.0,-31.05576319999995,0
495.51221489999443,0.0,-31.05576319999995,0
495.5625634000171,0.0,-31.05576319999995,0
495.62938399997074,-0.003917953448212389,-31.056024999999952,2
495.69555659999605,0.0,-31.056024999999952,0
495.74561370001175,0.0,-31.056024999999952,0
495.8122426000191,0.0,-31.056024999999952,0
495.8788861000212,0.0,-31.056024999999952,0
495.9291955999797,0.0,-31.056024999999952,0
495.99553710001055,0.0,-31.056024999999952,0
496.0455704999622,0.0,-31.056024999999952,0
496.11221649998333,0.0,-31.056024999999952,0
496.16224019997753,0.0,-31.056024999999952,0
496.21224679995794,0.0,-31.056024999999952,0
496.26238820003346,0.0,-31.056024999999952,0
496.32925840001553,0.0,-31.056024999999952,0
496.39555979997385,0.0,-31.056024999999952,0
496.4455838999711,0.0,-31.056024999999952,0
496.512256899965,0.0,-31.056024999999952,0
496.5622622000519,0.0,-31.056024999999952,0
496.6293384999735,0.0,-31.056024999999952,0
496.6955317000393,0.0,-31.056024999999952,0
496.7455627999734,0.0,-31.056024999999952,0
496.79558310005814,0.0,-31.056024999999952,0
496.84561389999,0.0,-31.056024999999952,0
496.9122242999729,0.0,-31.056024999999952,0
496.9622878000373,-0.005229358707703171,-31.056286799999953,2
497.0295530000003,0.003892057113395826,-31.056024999999952,1
497.14551139995456,0.0,-31.056024999999952,0
497.1966279000044,0.0,-31.056024999999952,0
497.2623249000171,0.0,-31.056024999999952,0
497.31236870004795,-0.005231417275240677,-31.056286799999953,2
497.36329220002517,0.0,-31.056286799999953,0
497.4299593999749,-0.003926968587212203,-31.056548599999953,2
497.49568429996725,0.0,-31.056548599999953,0
497.5470536999637,-0.005096419269408793,-31.056810399999954,2
497.6125315000536,-0.003998301708986694,-31.057072199999954,2
497.66656070004683,0.0,-31.057072199999954,0
497.73017520003486,0.004115413939420156,-31.056810399999954,1
497.79580920003355,-0.003988786299863794,-31.057072199999954,2
497.8464248999953,0.0051723082007692845,-31.056810399999954,1
497.9123107000487,-0.003973542095382462,-31.057072199999954,2
497.9633248000173,0.005131914513069054,-31.056810399999954,1
498.0301452999702,0.007835918623314831,-31.056286799999953,1
498.09569760004524,-0.003993757651526985,-31.056548599999953,2
498.14696369995363,0.005106688444563329,-31.056286799999953,1
498.2031737000216,0.004657534240945096,-31.056024999999952,1
498.26347670005634,-0.004341409214285749,-31.056286799999953,2
498.32995299994946,0.0,-31.056286799999953,0
498.39567600004375,0.0,-31.056286799999953,0
498.44690870004706,0.0,-31.056286799999953,0
498.51234530005604,0.0,-31.056286799999953,0
498.5633242999902,0.0,-31.056286799999953,0
498.63058240001556,0.0,-31.056286799999953,0
498.69570359995123,0.0,-31.056286799999953,0
498.74714150000364,0.0,-31.056286799999953,0
498.81237900000997,0.0,-31.056286799999953,0
498.8634440000169,0.0,-31.056286799999953,0
498.930270700017,0.0,-31.056286799999953,0
498.9811270000646,0.0,-31.056286799999953,0
499.0474140000297,0.0,-31.056286799999953,0
499.11234950006474,0.0,-31.056286799999953,0
499.1633948000381,-0.005128777774579426,-31.056548599999953,2
499.2302451999858,0.0,-31.056548599999953,0
499.2956861000275,0.0,-31.056548599999953,0
499.3471703999676,0.0,-31.056548599999953,0
499.41233329998795,0.0,-31.056548599999953,0
499.46328040002845,0.0,-31.056548599999953,0
499.5303833000362,0.0,-31.056548599999953,0
499.58113509998657,0.0,-31.056548599999953,0
499.6459872999694,0.0,-31.056548599999953,0
499.71235190005973,0.0,-31.056548599999953,0
499.7632007000502,0.0,-31.056548599999953,0
499.83028520003427,0.0,-31.056548599999953,0
499.8956890000263,0.0,-31.056548599999953,0
499.94728149997536,0.0,-31.056548599999953,0
500.01234350004233,0.0,-31.056548599999953,0
500.06378830003086,0.0,-31.056548599999953,0
500.1290527000092,0.0,-31.056548599999953,0
500.17935979994945,0.0,-31.056548599999953,0
500.24576870002784,0.0,-31.056548599999953,0
500.2958740000613,0.0,-31.056548599999953,0
500.3637231000466,0.0,-31.056548599999953,0
500.42908479995094,0.0,-31.056548599999953,0
500.47913130000234,0.0,-31.056548599999953,0
500.5457948000403,0.0,-31.056548599999953,0
500.61234760005027,0.0,-31.056548599999953,0
500.6635292000137,0.0,-31.056548599999953,0
500.7288690999849,0.0,-31.056548599999953,0
500.77999820001423,0.0,-31.056548599999953,0
500.8462360999547,0.0,-31.056548599999953,0
500.9123275000602,0.0,-31.056548599999953,0
500.9798642999958,0.0,-31.056548599999953,0
501.04661329998635,0.0,-31.056548599999953,0
501.11240980005823,-0.00397893504538967,-31.056810399999954,2
501.16255500004627,0.005220838685705813,-31.056548599999953,1
501.2130439999746,-0.005185287891848471,-31.056810399999954,2
501.28015570004936,0.0,-31.056810399999954,0
501.34625459997915,-0.003960731574626897,-31.057072199999954,2
501.41221560002305,0.007938023978586287,-31.056548599999953,1
501.4624915999593,0.0,-31.056548599999953,0
501.5288570000557,-0.003944826665999339,-31.056810399999954,2
501.5799803000409,0.005120952678638261,-31.056548599999953,1
501.6470691000577,0.0,-31.056548599999953,0
501.7122984000016,-0.004013533798847799,-31.056810399999954,2
501.7625847000163,0.0,-31.056810399999954,0
501.8288534999592,0.0,-31.056810399999954,0
501.88009600003716,0.0,-31.056810399999954,0
501.94622959999833,0.0,-31.056810399999954,0
502.0121733000269,0.0,-31.056810399999954,0
502.0625686000567,0.0,-31.056810399999954,0
502.14614890003577,0.0,-31.056810399999954,0
502.2121549999574,0.0,-31.056810399999954,0
502.26284800004214,0.0,-31.056810399999954,0
502.32900839997455,0.0,-31.056810399999954,0
502.37974929995835,0.0,-31.056810399999954,0
502.446173000033,0.0,-31.056810399999954,0
502.51231939997524,0.0,-31.056810399999954,0
502.58083320001606,0.0,-31.056810399999954,0
502.6458054999821,0.0,-31.056810399999954,0
502.7123295000056,0.0,-31.056810399999954,0
502.76233569998294,-0.005235350818868958,-31.057072199999954,2
502.8289856000338,0.0,-31.057072199999954,0
502.8790026999777,0.00523420990608037,-31.056810399999954,1
502.9473116999725,-0.0038325842864050945,-31.057072199999954,2
503.0123021999607,0.0,-31.057072199999954,0
503.06273010000587,0.005191570534673284,-31.056810399999954,1
503.12903890002053,-0.007896387808016162,-31.057333999999955,2
503.1792039000429,0.0,-31.057333999999955,0
503.24751300003845,0.011497736027138137,-31.056548599999953,1
503.31257539999206,0.016095317737230143,-31.055501399999955,1
503.3626988000469,0.010446218720733126,-31.054977799999953,1
503.42898359999526,0.0,-31.054977799999953,0
503.48094779998064,0.0,-31.054977799999953,0
503.5460177999921,0.0,-31.054977799999953,0
503.61229980003554,0.0,-31.054977799999953,0
503.6625633999938,0.005208540578417549,-31.054715999999953,1
503.72895869996864,-0.003943050187276068,-31.054977799999953,2
503.7805567999603,0.0,-31.054977799999953,0
503.8473698999733,0.003918393248468556,-31.054715999999953,1
503.9123028999893,-0.004031848211778061,-31.054977799999953,2
503.9624797999859,0.0,-31.054977799999953,0
504.02899040002376,0.0,-31.054977799999953,0
504.07902890001424,0.0,-31.054977799999953,0
504.147357000038,-0.003831512948682076,-31.055239599999954,2
504.2123752000043,0.00402656487161655,-31.054977799999953,1
504.27902709995396,0.0,-31.054977799999953,0
504.32904700003564,-0.0052339168925267295,-31.055239599999954,2
504.3804683999624,0.0,-31.055239599999954,0
504.44718889996875,0.0,-31.055239599999954,0
504.51231140003074,0.0,-31.055239599999954,0
504.56233119999524,-0.005233927368477915,-31.055501399999955,2
504.6291240999708,0.003919578279964208,-31.055239599999954,1
504.68105090002064,0.0,-31.055239599999954,0
504.747390500037,0.0,-31.055239599999954,0
504.81238959997427,0.0,-31.055239599999954,0
504.86245630006306,0.0,-31.055239599999954,0
504.9125495000044,0.0,-31.055239599999954,0
504.979670300032,0.0,-31.055239599999954,0
505.04754309996497,0.0,-31.055239599999954,0
505.1123681999743,0.0,-31.055239599999954,0
505.1623915999662,0.0,-31.055239599999954,0
505.21241729997564,0.0,-31.055239599999954,0
505.27905769995414,0.0,-31.055239599999954,0
505.329110300052,0.0,-31.055239599999954,0
505.3807486000005,0.0,-31.055239599999954,0
505.4456879000645,-0.004031457064397011,-31.055501399999955,2
505.51219240005594,0.0,-31.055501399999955,0
505.5622489999514,0.0,-31.055501399999955,0
505.6289432999911,0.0,-31.055501399999955,0
505.67961180000566,0.0,-31.055501399999955,0
505.7461965000257,0.0,-31.055501399999955,0
505.81223060004413,0.0,-31.055501399999955,0
505.87963940005284,0.0,-31.055501399999955,0
505.94628210004885,0.0,-31.055501399999955,0
506.01219519996084,0.0,-31.055501399999955,0
506.0795724999625,-0.003885581642385031,-31.055763199999955,2
506.1462452999549,0.0,-31.055763199999955,0
506.21220309997443,0.0,-31.055763199999955,0
506.26222699997015,0.0,-31.055763199999955,0
506.3288869999815,0.0,-31.055763199999955,0
506.3795740000205,0.0,-31.055763199999955,0
506.4463607999496,0.0,-31.055763199999955,0
506.5121945999563,0.0,-31.055763199999955,0
506.5622386999894,0.0,-31.055763199999955,0
506.6125381999882,-0.0052048231096977786,-31.056024999999956,2
506.679383700015,0.0,-31.056024999999956,0
506.7462949999608,0.0,-31.056024999999956,0
506.8122297000373,0.003970595144838384,-31.055763199999955,1
506.86224000004586,0.0,-31.055763199999955,0
506.9288805000251,0.0,-31.055763199999955,0
506.9797925000312,-0.005142206159035467,-31.056024999999956,2
507.0463031999534,0.0,-31.056024999999956,0
507.14617089997046,0.003946717803884209,-31.055763199999955,1
507.1977189000463,0.005078761535166326,-31.055501399999955,1
507.26218409999274,-0.0040611058403226905,-31.055763199999955,2
507.31230560003314,-0.010446614717793956,-31.056286799999956,2
507.3640366999898,0.0,-31.056286799999956,0
507.42901730001904,-0.004028894776013686,-31.056548599999957,2
507.4809065000154,0.020181463581502843,-31.055501399999958,1
507.54729510005563,0.007886896239455756,-31.054977799999957,1
507.61228500003926,-0.004028318247388367,-31.055239599999958,2
507.6628234999953,-0.01036041830397933,-31.05576319999996,2
507.7290015000617,-0.00395599745742098,-31.05602499999996,2
507.7803609999828,0.0,-31.05602499999996,0
507.8468410000205,0.003938026471894354,-31.05576319999996,1
507.91230510000605,0.0,-31.05576319999996,0
507.9642425000202,-0.010081367181596546,-31.05628679999996,2
508.02916020003613,-0.00403279844997155,-31.05654859999996,2
508.0804812000133,-0.005101225621410646,-31.05681039999996,2
508.147308900021,0.003917537188468375,-31.05654859999996,1
508.2124278000556,0.0,-31.05654859999996,0
508.26417780003976,0.015176811598846119,-31.05576319999996,1
508.3290206999518,0.004037450520491009,-31.055501399999958,1
508.3803590000607,-0.010199013190721733,-31.05602499999996,2
508.4472571000224,0.0,-31.05602499999996,0
508.51231480005663,0.004024120125092811,-31.05576319999996,1
508.56400410004426,0.005064878032061904,-31.055501399999958,1
508.6290858000284,-0.004022636164448167,-31.05576319999996,2
508.6791895000497,0.0,-31.05576319999996,0
508.7473365999758,-0.0038416895258016983,-31.05602499999996,2
508.81236330000684,0.0,-31.05602499999996,0
508.8641509000445,0.0,-31.05602499999996,0
508.92903120000847,0.0,-31.05602499999996,0
508.98071370006073,-0.015196633274430136,-31.05681039999996,2
509.0472570999991,-0.003934274477144561,-31.05707219999996,2
509.11232409998775,0.0,-31.05707219999996,0
509.16407119994983,0.010118441427319325,-31.05654859999996,1
509.22900910000317,0.008063087958956747,-31.05602499999996,1
509.2804546999978,0.0,-31.05602499999996,0
509.3478203000268,0.0,-31.05602499999996,0
509.39795979997143,0.0,-31.05602499999996,0
509.46422319998965,0.0,-31.05602499999996,0
509.52905280003324,-0.004038278808197983,-31.05628679999996,2
509.58048680005595,0.0,-31.05628679999996,0
509.6460844000103,0.0,-31.05628679999996,0
509.71231980004814,0.0,-31.05628679999996,0
509.7623350999784,0.0,-31.05628679999996,0
509.8289955999935,0.0,-31.05628679999996,0
509.88042219995987,0.0,-31.05628679999996,0
509.9474500999786,0.0,-31.05628679999996,0
510.0123018999584,0.0,-31.05628679999996,0
510.06419920001645,0.0,-31.05628679999996,0
510.129013900063,0.0,-31.05628679999996,0
510.1804975999985,0.0,-31.05628679999996,0
510.245705600013,0.0,-31.05628679999996,0
510.29571730003227,0.0,-31.05628679999996,0
510.3457353999838,0.0,-31.05628679999996,0
510.39583020005375,0.0,-31.05628679999996,0
510.46234900003765,0.0,-31.05628679999996,0
510.5288112000562,-0.003939081160822582,-31.05654859999996,2
510.5796340999659,0.0,-31.05654859999996,0
510.64579189999495,0.0,-31.05654859999996,0
510.6968208999606,0.0,-31.05654859999996,0
510.76339780003764,0.0,-31.05654859999996,0
510.828828800004,-0.004001161530997326,-31.05681039999996,2
510.8796855000546,0.0,-31.05681039999996,0
510.9455206999555,0.0,-31.05681039999996,0
510.9967176000355,-0.005113590853960431,-31.05707219999996,2
511.06354800006375,0.0,-31.05707219999996,0
511.12889090005774,-0.004006556183212958,-31.057333999999962,2
511.1800166000612,0.005120712283298692,-31.05707219999996,1
511.24549240001943,0.00799684769539426,-31.05654859999996,1
511.29666900006123,0.0,-31.05654859999996,0
511.3625836999854,0.0,-31.05654859999996,0
511.4288558999542,0.0,-31.05654859999996,0
511.4796350999968,-0.010311308558637385,-31.05707219999996,2
511.54553210001905,-0.007945733490497993,-31.057595799999962,2
511.5967034000205,0.01023229818248199,-31.05707219999996,1
511.6633613000158,0.0,-31.05707219999996,0
511.7288192999549,-0.003999511140633298,-31.057333999999962,2
511.77978360001,0.0,-31.057333999999962,0
511.8455987999914,0.0,-31.057333999999962,0
511.89656729996204,0.0,-31.057333999999962,0
511.963332299958,0.0,-31.057333999999962,0
512.0287974999519,0.0,-31.057333999999962,0
512.0797071000561,0.0,-31.057333999999962,0
512.1466611999786,0.0,-31.057333999999962,0
512.2121177000226,0.0,-31.057333999999962,0
512.2632883000188,0.0,-31.057333999999962,0
512.3289639999857,0.0,-31.057333999999962,0
512.3794493000023,0.0,-31.057333999999962,0
512.4475307000102,0.0,-31.057333999999962,0
512.5123036999721,0.0,-31.057333999999962,0
512.5623976000352,0.0,-31.057333999999962,0
512.629043300054,0.0,-31.057333999999962,0
512.6791876000352,0.0,-31.057333999999962,0
512.7458706999896,0.0,-31.057333999999962,0
512.7967853000155,0.0,-31.057333999999962,0
512.864292299957,0.0,-31.057333999999962,0
512.928938099998,0.0,-31.057333999999962,0
512.9795417999849,0.0,-31.057333999999962,0
513.0455775000155,0.0,-31.057333999999962,0
513.0974912999664,0.0,-31.057333999999962,0
513.1640418999596,0.0,-31.057333999999962,0
513.2289728999604,0.0,-31.057333999999962,0
513.2794387000613,0.0,-31.057333999999962,0
513.3457106000278,0.0,-31.057333999999962,0
513.4123102000449,0.0,-31.057333999999962,0
513.4644126000348,0.0,-31.057333999999962,0
513.5290318999905,0.0,-31.057333999999962,0
513.5791600999655,0.0,-31.057333999999962,0
513.6458865000168,0.0,-31.057333999999962,0
513.6975080999546,0.0,-31.057333999999962,0
513.7643281000201,0.0,-31.057333999999962,0
513.8289419000503,0.0,-31.057333999999962,0
513.878951700055,0.0,-31.057333999999962,0
513.945625500055,0.0,-31.057333999999962,0
513.9974019000074,0.0,-31.057333999999962,0
514.0642362000654,0.0,-31.057333999999962,0
514.1290516000008,0.0040391635361449775,-31.05707219999996,1
514.1793328999775,-0.005206707068466216,-31.057333999999962,2
514.2456026000436,0.0,-31.057333999999962,0
514.297646400053,0.0,-31.057333999999962,0
514.3642680000048,-0.003929656450604168,-31.057595799999962,2
514.4289719000226,0.0,-31.057595799999962,0
514.4792399000144,-0.005208084667041434,-31.057857599999963,2
514.5456696000183,0.003941008313818739,-31.057595799999962,1
514.597613699967,0.010080066851031959,-31.05707219999996,1
514.6644353000447,0.0,-31.05707219999996,0
514.7289223000407,0.0,-31.05707219999996,0
514.7790228000376,0.0,-31.05707219999996,0
514.8456103999633,0.0,-31.05707219999996,0
514.8977542000357,0.0,-31.05707219999996,0
514.9625823999522,0.0,-31.05707219999996,0
515.0288679000223,0.0,-31.05707219999996,0
515.079219999956,0.0,-31.05707219999996,0
515.1456383999903,0.0,-31.05707219999996,0
515.1962785000214,0.0,-31.05707219999996,0
515.262352699996,0.011886636543502164,-31.05628679999996,1
515.3123725999612,-0.005233916904708044,-31.05654859999996,2
515.379105100059,0.0,-31.05654859999996,0
515.4291681000032,-0.010458821896082438,-31.05707219999996,2
515.4967304000165,0.007749884179436166,-31.05654859999996,1
515.5634574999567,0.007846886804152955,-31.05602499999996,1
515.6289112999802,0.0,-31.05602499999996,0
515.6968433000147,-0.003853853851897272,-31.05628679999996,2
515.7634076999966,0.003933033274112003,-31.05602499999996,1
515.828884699964,0.007996701135681543,-31.055501399999958,1
515.8968127999688,-0.003854075117389276,-31.05576319999996,2
515.9635292000603,-0.007848145272850597,-31.05628679999996,2
516.0288147999672,-0.0040100726710518425,-31.05654859999996,2
516.0788352000527,-0.015701593722915574,-31.057333999999962,2
516.1454876000062,0.003927840560622309,-31.05707219999996,1
516.1967405000469,0.0,-31.05707219999996,0
516.2632608000422,0.007871281398864,-31.05654859999996,1
516.3288155000191,0.00798722288690631,-31.05602499999996,1
516.3788169999607,-0.026179214654152072,-31.05733399999996,2
516.4288638000144,-0.01569331104401495,-31.05811939999996,2
516.496632299968,0.007726303523878233,-31.05759579999996,1
516.5635941999499,0.0,-31.05759579999996,0
516.6289448000025,-0.012018252309352022,-31.05838119999996,2
516.6968546999851,0.0,-31.05838119999996,0
516.763496599975,0.003928459423269854,-31.05811939999996,1
516.8287975999992,0.0,-31.05811939999996,0
516.8788391000126,-0.031389946336177664,-31.05969019999996,2
516.9454946999904,-0.00392765199153726,-31.05995199999996,2
516.996903100051,0.0,-31.05995199999996,0
517.0626608000603,0.007962565599559825,-31.05942839999996,1
517.1454359999625,-0.007920600370040122,-31.05995199999996,2
517.1955177000491,0.0052274583240452185,-31.05969019999996,1
517.2626261999831,-0.011703435492863503,-31.06047559999996,2
517.3290204999503,-0.003943109576112362,-31.06073739999996,2
517.3810773000587,0.0,-31.06073739999996,0
517.445772600011,0.01618664726451921,-31.059690199999963,1
517.4976607999997,0.0050454631314392935,-31.059428399999963,1
517.5622623000527,0.0,-31.059428399999963,0
517.6123293000273,-0.0052289931518265465,-31.059690199999963,2
517.6625712000532,0.0,-31.059690199999963,0
517.7289315999951,0.003945123902646117,-31.059428399999963,1
517.7791068999795,-0.0052177067218607725,-31.059690199999963,2
517.8455905000446,0.0,-31.059690199999963,0
517.8955991000403,-0.005235099563332084,-31.059951999999964,2
517.964359799982,0.0,-31.059951999999964,0
518.0288813000079,0.004057562206318934,-31.059690199999963,1
518.0790074999677,-0.010445635225094896,-31.060213799999964,2
518.1455873999512,-0.019660588260492756,-31.061522799999963,2
518.1962862999644,-0.010327640241964968,-31.062046399999964,2
518.2643969999626,0.015374970452916309,-31.060999199999966,1
518.3289764999645,-0.004053918038889728,-31.061260999999966,2
518.3790216000052,-0.020925125519733998,-31.062308199999965,2
518.4455661999527,-0.031473628238080156,-31.064402599999966,2
518.4955925999675,-0.02616618424699432,-31.065711599999965,2
518.5456406000303,-0.015692934762912305,-31.066496999999966,2
518.5977518999716,-0.010047724785020489,-31.067020599999967,2
518.6623526000185,-0.016210350650074496,-31.068067799999966,2
518.7123548999662,-0.04712183244503075,-31.070423999999967,2
518.7790160999866,-0.07069179670563212,-31.075136399999966,2
518.845589100034,-0.0904480794874311,-31.081157799999968,2
518.8976486000465,-0.15086583617028823,-31.089011799999966,2
518.9623123999918,-0.19838302127091947,-31.101839999999967,2
519.0288985000225,-0.2083828305547951,-31.115715399999967,2
519.078987600049,-0.27701436026305204,-31.129590799999967,2
519.1455708000576,-0.18873229280622314,-31.142157199999968,2
519.1969458999811,-0.17835488424647317,-31.15132019999997,2
519.2624072000617,-0.06798826168312092,-31.155770799999967,2
519.3289726000512,-0.13372112240602443,-31.164671999999968,2
519.3790502999909,-0.25093804258435315,-31.17723839999997,2
519.4456305999774,-0.23985773574513414,-31.19320819999997,2
519.4957244000398,-0.360607499880808,-31.21127239999997,2
519.5622866000049,-0.5309770413015318,-31.24661539999997,2
519.6123273000121,-0.29820925762117506,-31.26153799999997,2
519.6631523000542,-0.2214933593836904,-31.27279539999997,2
519.72891169996,-0.18313427460182266,-31.28483819999997,2
519.7789542999817,-0.3034294779531102,-31.30002259999997,2
519.8457275000401,-0.27837216104289014,-31.31861039999997,2
519.9123325999826,-0.3380341748518519,-31.34112519999997,2
519.9624083000235,-0.397334435339823,-31.36102199999997,2
520.0289117000066,-0.23619845006426637,-31.37672999999997,2
520.0790108999936,-0.3135379408068549,-31.39243799999997,2
520.1456143000396,-0.28301257874192254,-31.41128759999997,2
520.196809599991,-0.4295550572199737,-31.433278799999968,2
520.2622909999918,-0.3518312070251468,-31.45631719999997,2
520.3123372000409,-0.3504881486064399,-31.47385779999997,2
520.3790021999739,-0.2474071854283466,-31.49035119999997,2
520.4455962999491,-0.2594644271254817,-31.50762999999997,2
520.5138398000272,-0.326082337138833,-31.52988299999997,2
520.5789961999981,-0.32144194598477294,-31.55082699999997,2
520.6455665000249,-0.28315329797841393,-31.56967659999997,2
520.6969233000418,-0.3313485262785962,-31.58669359999997,2
520.7621145000448,-0.2770956816128707,-31.60475779999997,2
520.8135482000653,-0.4173839329364779,-31.62622539999997,2
520.880321100005,-0.29013566907385163,-31.64559859999997,2
520.9454758999636,-0.25314174873466005,-31.662091999999973,2
520.9967985999538,-0.2907602289605124,-31.67701459999997,2
521.062123700045,-0.28053535278768876,-31.69534059999997,2
521.1133780999808,-0.40352047874797775,-31.71602279999997,2
521.180850100005,-0.30653011608603575,-31.73670499999997,2
521.2458499000641,-0.2899947381820639,-31.755554599999968,2
521.2966610000003,-0.3246023018728583,-31.77204799999997,2
521.3621341000544,-0.2958955660263317,-31.79142119999997,2
521.4136069000233,-0.3763774267516664,-31.81079439999997,2
521.4803293000441,-0.3452873396762597,-31.83383279999997,2
521.545593900024,-0.3048635861729244,-31.853729599999973,2
521.5965885999613,-0.3337013458442923,-31.870746599999972,2
521.6621063000057,-0.25173960607306317,-31.887239999999974,2
521.7133724000305,-0.4136417630703298,-31.908445799999974,2
521.7804446000373,-0.32787354519113293,-31.930436999999973,2
521.8454786000075,-0.322046929446175,-31.951380999999973,2
521.8965595000191,-0.3946406581604556,-31.97153959999997,2
521.9621542999521,-0.31131126279599086,-31.99195999999997,2
522.0125611999538,-0.49859840615386924,-32.01709279999997,2
522.0789270000532,-0.378701077397382,-32.04222559999997,2
522.1454040999524,-0.3389895058619596,-32.06447859999997,2
522.195502400049,-0.3710265610642809,-32.08306639999997,2
522.2634086000035,-0.3431233085584118,-32.10636659999997,2
522.3289751999546,-0.3992886625128489,-32.13254659999997,2
522.3955722999526,-0.37738580209561284,-32.15767939999997,2
522.4622633999679,-0.32189602503292625,-32.17914699999997,2
522.5123732000357,-0.41796215454245117,-32.20009099999997,2
522.578913699952,-0.36590347278163005,-32.224438399999976,2
522.629115800024,-0.47455783654080674,-32.24826219999998,2
522.6797933999915,-0.39778126850807566,-32.26842079999998,2
522.74551779998,-0.30671409710115405,-32.28857939999998,2
522.7957043000497,-0.7355324628883109,-32.32549319999998,2
522.8623378999764,-0.30645800350660907,-32.34591359999998,2
522.9288317000028,-0.3031651070025651,-32.366072199999984,2
522.979106200044,-0.32285950107263095,-32.38230379999998,2
523.0455327000236,-0.1931187102127211,-32.39513199999998,2
523.0955442000413,-0.25650500375824314,-32.407960199999984,2
523.1455728999572,-0.2773488022542501,-32.42183559999999,2
523.1964738999959,-0.30345572755446826,-32.43728179999999,2
523.2622178000165,-0.2787482944312078,-32.45560779999999,2
523.3123850000557,-0.36529844172490983,-32.47393379999999,2
523.3789860999677,-0.1768889705358106,-32.48571479999999,2
523.4455549999839,-0.17304176570752586,-32.49723399999999,2
523.4955569000449,-0.27749745475798543,-32.511109399999995,2
523.5455595999956,-0.34032162296784924,-32.5281264,2
523.5955868000165,-0.4081859466747978,-32.5485468,2
523.6468854000559,-0.38275898338165415,-32.5681818,2
523.7123070999514,-0.26011247074251576,-32.5851988,2
523.7790049000178,-0.22765968270169532,-32.6003832,2
523.8455665999791,-0.2792566898201796,-32.618971,2
523.8956501999637,-0.44431710194199525,-32.641224,2
523.9622241000179,-0.3185302345623858,-32.6624298,2
524.0123285000445,-0.33963085060317555,-32.6794468,2
524.0791131999576,-0.1685625602068389,-32.6907042,2
524.1455543000484,-0.19307627330793517,-32.7035324,2
524.1968568000011,-0.3010808442908879,-32.7189786,2
524.2622183000203,-0.27236829012137814,-32.736781,2
524.3122945999494,-0.34504945502119355,-32.7540598,2
524.3789725999814,-0.15705330086353725,-32.7645318,2
524.4290978000499,-0.22458563725627706,-32.7757892,2
524.4957138999598,-0.2004290256869257,-32.789141,2
524.5622152000433,-0.25195296902419423,-32.8058962,2
524.6122183999978,-0.3822035393211573,-32.8250076,2
524.663100500009,-0.3550207243021796,-32.8430718,2
524.7289295999799,-0.1749864422435884,-32.854591,2
524.7955946000293,-0.1649381233308707,-32.8655866,2
524.8622284999583,-0.2121622779855766,-32.8797238,2
524.9124187000562,-0.3599148830803448,-32.897788,2
524.9790907000424,-0.26308795301788834,-32.915328599999995,2
525.0455137999961,-0.19312859545768685,-32.9281568,2
525.0955963999731,-0.15159356749613437,-32.935748999999994,2
525.162292700028,-0.10598189096219066,-32.94281759999999,2
525.2123906000052,-0.18812764615492422,-32.95224239999999,2
525.2789852999849,-0.2398058705100215,-32.96821219999999,2
525.3290295000188,-0.345270780396169,-32.98549099999999,2
525.395582200028,-0.23208975740827148,-33.00093719999999,2
525.4621916000033,-0.18079730495200022,-33.01297999999999,2
525.5123736000387,-0.17216133262727742,-33.02161939999999,2
525.5805759000359,-0.18809043097556355,-33.03444759999999,2
525.6454908000305,-0.2419783439749894,-33.05015559999999,2
525.6954985000193,-0.35075798334925745,-33.067696199999986,2
525.7621118000243,-0.25938964138857845,-33.084974999999986,2
525.812243900029,-0.28722116166386913,-33.09937399999998,2
525.8803461999632,-0.09994963469033173,-33.10618079999998,2
525.9454520000145,-0.10454982497170215,-33.11298759999998,2
526.0121997999959,-0.20787801251681032,-33.126862999999986,2
526.0804771999829,-0.1648773972375386,-33.138120399999984,2
526.1454185000621,-0.20962931113777833,-33.15173399999998,2
526.1958003999898,-0.2961897034729108,-33.16665659999998,2
526.2621874000179,-0.21295133074288633,-33.18079379999998,2
526.328875200008,-0.14132719929864584,-33.19021859999998,2
526.3804986999603,-0.12678334491177579,-33.19676359999998,2
526.4454084000317,-0.12503215992475405,-33.20487939999998,2
526.4975241000066,-0.2059609677157957,-33.21561319999998,2
526.5621349000139,-0.20259770810002733,-33.22870319999998,2
526.6290369000053,-0.26609667875836085,-33.24650559999998,2
526.6806161999702,-0.31469213446154687,-33.262737199999975,2
526.7454254999757,-0.21005627277039168,-33.276350799999975,2
526.7955231999513,-0.20380576363733077,-33.28656099999998,2
526.8621381999692,-0.13755160245493148,-33.29572399999998,2
526.9289289000444,-0.21558390589984103,-33.310122999999976,2
526.980729999952,-0.3537762717912652,-33.32844899999998,2
527.0454327999614,-0.2953720704084461,-33.34756039999998,2
527.145360799972,-0.22437785384744502,-33.361959399999975,2
527.1955640000524,-0.260740350794932,-33.37504939999997,2
527.2620518000331,-0.20869091779292434,-33.38892479999998,2
527.3123017000034,-0.33343747967419973,-33.405679999999975,2
527.3788856000174,-0.310618632967886,-33.42636219999998,2
527.4454859000398,-0.27909483881826386,-33.44494999999998,2
527.4957816000096,-0.3227234139245531,-33.461181599999975,2
527.5625978000462,-0.24292910987334804,-33.47741319999997,2
527.6289253999712,-0.31181891133389167,-33.498095399999976,2
527.6956666000187,-0.3255770046765775,-33.519824799999974,2
527.7622026000172,-0.2951034026761051,-33.539459799999975,2
527.8290858999826,-0.21919971065395705,-33.554120599999976,2
527.8955219000345,-0.2522006139278211,-33.570875799999975,2
527.9455423000036,-0.37160438564052456,-33.589463599999974,2
527.9956791000441,-0.3498547969921107,-33.60700419999997,2
528.0621808000142,-0.24407797104881535,-33.62323579999997,2
528.1122360000154,-0.2667415173583019,-33.63658759999997,2
528.178817100008,-0.23199076016636197,-33.65203379999997,2
528.2289342000149,-0.36043984982197097,-33.67009799999997,2
528.2791150000412,-0.34433089928717886,-33.68737679999997,2
528.3455669999821,-0.196984289587069,-33.700466799999965,2
528.4122559999814,-0.11384486197240977,-33.70805899999996,2
528.4788663999643,0.023581903132295252,-33.70648819999996,1
528.5289239999838,0.02614987533341763,-33.70517919999996,1
528.5957155000651,0.0,-33.70517919999996,0
528.646768799983,-0.005127974105911216,-33.70544099999996,2
528.7123237999622,-0.011980779501930378,-33.706226399999956,2
528.7790907999733,-0.01960549372865394,-33.707535399999955,2
528.8455174999544,-0.023647117807253506,-33.70910619999996,2
528.8955686000409,-0.041845234098425464,-33.711200599999955,2
528.9622683000052,-0.04317560651004669,-33.71408039999996,2
529.0291344999569,-0.0665597866069888,-33.718530999999956,2
529.0954177000094,-0.059245781689562925,-33.72245799999995,2
529.1455138999736,-0.07838917927524319,-33.72638499999995,2
529.1971220000414,-0.12682117712914182,-33.73292999999995,2
529.2621929000597,-0.07241946858999602,-33.737642399999956,2
529.3123865999514,-0.12517905660589917,-33.743925599999955,2
529.3789854999632,-0.13365385912426211,-33.75282679999995,2
529.4455355999526,-0.12981798677051062,-33.76146619999995,2
529.4955664000008,-0.14128496832313936,-33.76853479999995,2
529.5622387999902,-0.07067992153806081,-33.77324719999995,2
529.6290981000056,0.003915685625475132,-33.77298539999995,1
529.6953590000048,-0.03160838443223609,-33.77507979999995,2
529.7455496999901,-0.140834855901137,-33.78214839999995,2
529.7957975000609,-0.22924784734398296,-33.79366759999995,2
529.8622191000031,-0.2207233793336005,-33.80832839999995,2
529.9124737000093,-0.317777875021269,-33.82429819999995,2
529.979109399952,-0.20822772195579514,-33.838173599999955,2
530.0455427999841,-0.17339470799977433,-33.84969279999996,2
530.1125486999517,-0.12893491474891275,-33.85833219999996,2
530.1788910999894,-0.11049344002984841,-33.86566259999996,2
530.2455986000132,-0.1648330397044164,-33.87665819999996,2
530.2956133000553,-0.29312981958632095,-33.89131899999996,2
530.3621823999565,-0.2516963579927702,-33.90807419999996,2
530.4123363000108,-0.3236358485069343,-33.924305799999956,2
530.4788997999858,-0.1297918529410628,-33.932945199999956,2
530.5289351999527,-0.06801984199693173,-33.93634859999996,2
530.5953999999911,-0.019694635344486393,-33.93765759999996,2
530.6454824999673,-0.04704637350604333,-33.94001379999996,2
530.6955462000333,-0.08366940506758719,-33.94420259999996,2
530.762080400018,-0.08656600667507289,-33.94996219999996,2
530.8122255000053,-0.14618377472295513,-33.95729259999996,2
530.8787311000051,-0.14958740316649832,-33.96724099999996,2
530.9288393000606,-0.1985383627624177,-33.97718939999996,2
530.9954005000181,-0.13372956024955762,-33.986090599999955,2
531.0620397999883,-0.11000115552364466,-33.993420999999955,2
531.1120988000184,-0.10982640477611702,-33.998918799999956,2
531.178860199987,-0.2039142379641191,-34.012532399999955,2
531.2454255999764,-0.27137521900046135,-34.03059659999995,2
531.295683400007,-0.4063130496678823,-34.05101699999995,2
531.3620910999598,-0.29567354409121127,-34.07065199999995,2
531.4121885000495,-0.31354920558485133,-34.08635999999995,2
531.4787861000514,-0.15331183105273513,-34.09657019999995,2
531.5453617000021,-0.19661858112710623,-34.10966019999995,2
531.5954858000623,-0.34994343996067045,-34.12720079999995,2
531.6620278999908,-0.29901070181710887,-34.147097599999945,2
531.7121346000349,-0.37096436172470104,-34.165685399999944,2
531.7787548999768,-0.16111905844566055,-34.17641919999994,2
531.828858199995,-0.22990900790581398,-34.18793839999994,2
531.89541560004,-0.20060579275896784,-34.201290199999946,2
531.962118400028,-0.24334210862100478,-34.21752179999994,2
532.0288044000044,-0.25518099760075785,-34.234538799999946,2
532.1309040000197,-0.14691073736405247,-34.242130999999944,2
532.1809327000519,-0.14652389518959041,-34.249461399999944,2
532.2453475999646,-0.15037825119861423,-34.259147999999946,2
532.2956097000279,-0.27606088847332644,-34.27302339999995,2
532.3620438000653,-0.20885960662039763,-34.28689879999995,2
532.412080100039,-0.7272759980076114,-34.32328899999995,2
532.4621467000106,-0.334658235420407,-34.34004419999995,2
532.5288537000306,-0.10596489120909243,-34.34711279999995,2
532.5953857999993,-0.14559287929509562,-34.35679939999995,2
532.6473436000524,-0.28216745098961427,-34.37146019999995,2
532.7124415000435,-0.2935793628153365,-34.39057159999995,2
532.7790187000064,-0.29492078385596326,-34.41020659999995,2
532.8454595999792,-0.22459960665957618,-34.42512919999995,2
532.8954985999735,-0.18834908773309494,-34.43455399999995,2
532.9621485000243,-0.15319152755236978,-34.44476419999995,2
533.0287187000504,-0.24382681730942513,-34.46099579999995,2
533.0787555000279,-0.3714825889814278,-34.47958359999995,2
533.1455122999614,-0.28628394439274674,-34.49869499999995,2
533.1967248000437,-0.30672199120816035,-34.514402999999945,2
533.2621909000445,-0.15596163510395333,-34.52461319999995,2
533.3289882000536,-0.1920466844956405,-34.53744139999995,2
533.395467699971,-0.2520355902315547,-34.55419659999995,2
533.4620342999697,-0.29496774659372915,-34.57383159999995,2
533.5121506999712,-0.365668723200902,-34.59215759999995,2
533.5787589000538,-0.18473100886601734,-34.60446219999995,2
533.6288649999769,-0.22989616070038418,-34.61598139999995,2
533.6790722999722,-0.27636220233544845,-34.629856799999956,2
533.745544299949,-0.24812552662414977,-34.64635019999996,2
533.7957738999976,-0.37005669927704715,-34.66493799999996,2
533.8458065000596,-0.3558160075221117,-34.68274039999996,2
533.9121074000141,-0.2211252035803192,-34.69740119999996,2
533.9622010999592,-0.2038220377249496,-34.70761139999996,2
534.0287847999716,-0.1847989822990552,-34.71991599999996,2
534.0788335000398,-0.303392495296082,-34.735100399999965,2
534.1454723000061,-0.2671476678601568,-34.752902799999966,2
534.197830799967,-0.3300094542983278,-34.770181599999965,2
534.2622986000497,-0.2111689864172383,-34.783795199999965,2
534.329150000005,-0.07049067039954483,-34.78850759999997,2
534.395486399997,-0.035518960936744726,-34.79086379999997,2
534.4455962999491,-0.015673549553104942,-34.791649199999966,2
534.5121717000147,0.007864766858086172,-34.791125599999965,1
534.562304800027,0.020888395087132285,-34.79007839999996,1
534.6124614999862,0.005219641647337651,-34.789816599999966,1
534.6644704999635,0.005033744161865508,-34.78955479999997,1
534.7289103999501,0.012188100853092586,-34.78876939999997,1
534.7791001000442,-0.01564862907186575,-34.78955479999997,2
534.8457014999585,-0.03930848305540602,-34.79217279999997,2
534.9122492000461,-0.08261442533352686,-34.79767059999997,2
534.9623919000151,-0.15141187061513636,-34.805262799999966,2
535.0289415000007,-0.1534224097847395,-34.81547299999997,2
535.0956127999816,-0.16099581083714332,-34.826206799999966,2
535.1456704000011,-0.17781915226723988,-34.83510799999996,2
535.197349300026,-0.11651563785421441,-34.841129399999964,2
535.2624006000115,-0.032196128293622145,-34.84322379999996,2
535.3289976000087,-0.035379972072262685,-34.84557999999996,2
535.3956153000472,-0.0982471624841396,-34.852124999999965,2
535.4623525000643,-0.14514543609141342,-34.86181159999997,2
535.5288637999911,-0.1810639697804151,-34.87385439999997,2
535.595587000018,-0.35705421787916936,-34.89767819999997,2
535.6472931000171,-0.16202343630905813,-34.906055799999976,2
535.7120315000648,-0.0768353866691049,-34.911029999999975,2
535.7620817000279,-0.0313844899951737,-34.91260079999998,2
535.8286593999946,-0.03539022827729824,-34.91495699999998,2
535.8786778999493,-0.10991533142716714,-34.92045479999998,2
535.928742500022,-0.17256504570968453,-34.92909419999998,2
535.9953644999769,-0.1729038456938313,-34.94061339999998,2
536.0454467999516,-0.2665971811744344,-34.953965199999985,2
536.095462199999,-0.25125061457245573,-34.96653159999998,2
536.1620532999514,-0.1690526212670427,-34.97778899999998,2
536.2123237999622,-0.17185824684739712,-34.98642839999998,2
536.2786821000045,-0.027616741218969502,-34.98826099999998,2
536.3287351999898,-0.0889175695673778,-34.99271159999998,2
536.3954849999864,-0.13727381955398738,-35.00187459999998,2
536.4621456000023,-0.18458579726354507,-35.01417919999998,2
536.5122286999831,-0.31363873254670255,-35.029887199999976,2
536.578678800026,-0.22850830909519723,-35.04507159999998,2
536.6291411999846,-0.22308491092830265,-35.05632899999998,2
536.6954210000113,-0.09874803480646659,-35.06287399999998,2
536.7454601000063,-0.10987008160706734,-35.06837179999998,2
536.8120486000553,-0.13367473352687909,-35.07727299999998,2
536.8787972000428,-0.23925295815936437,-35.09324279999998,2
536.9288023000117,-0.3717180849859102,-35.111830599999976,2
536.9953422000399,-0.26361025478818295,-35.12937119999997,2
537.0454198999796,-0.2823052979073973,-35.14350839999997,2
537.145367500023,-0.1699815182308983,-35.15476579999997,2
537.2121680000564,-0.21555227869245783,-35.16916479999997,2
537.278797899955,-0.2907583536745394,-35.188537999999966,2
537.345336999977,-0.26361342419999595,-35.20607859999996,2
537.412171700038,-0.18802209014971394,-35.21864499999996,2
537.4790176999522,-0.14882565916832793,-35.22859339999996,2
537.545514700003,-0.19685098560857708,-35.24168339999996,2
537.6121049000649,-0.2516166040111376,-35.258438599999955,2
537.6635514999507,-0.36130278854682457,-35.277026399999954,2
537.7288963999599,-0.20833454482413577,-35.290639999999954,2
537.7790784999961,-0.18259498891822856,-35.299802999999955,2
537.8454785000067,-0.13011144576232828,-35.308442399999954,2
537.8955559000606,-0.20388838056728875,-35.31865259999996,2
537.962160199997,-0.14543505463225848,-35.32833919999996,2
538.0122136999853,-0.12029927979881284,-35.33436059999996,2
538.0622307000449,-0.07327908502374737,-35.33802579999996,2
538.1289196000434,-0.007851381564418669,-35.33854939999996,2
538.1789958999725,0.01045604409155132,-35.33802579999996,1
538.2455264000455,0.007870074618792819,-35.33750219999996,1
538.2955801000353,-0.00523038257018629,-35.33776399999996,2
538.3622808000073,-0.007849992582085161,-35.33828759999996,2
538.413054900011,0.00515617214250163,-35.33802579999996,1
538.4789587999694,0.007944901596579988,-35.33750219999996,1
538.5455629000207,0.015722755794205713,-35.33645499999996,1
538.595572900027,0.015704859026217283,-35.33566959999996,1
538.6621703000274,0.023586506380016015,-35.33409879999996,1
538.7122186999768,0.047078428129170714,-35.331742599999956,1
538.7622836000519,0.047062912269199765,-35.329386399999954,1
538.8288749000058,-0.0039314445007284085,-35.32964819999995,2
538.8789613000117,-0.015680903397058705,-35.33043359999995,2
538.9289969999809,-0.010464528333225106,-35.33095719999995,2
538.995473899995,-0.003938210114257598,-35.33121899999995,2
539.0455094999634,0.0,-35.33121899999995,0
539.1121463000309,0.0,-35.33121899999995,0
539.1671339999884,0.004761064750881348,-35.33095719999995,1
539.2289690000471,0.004233848140240055,-35.330695399999954,1
539.2790105000604,0.005231657722696278,-35.33043359999996,1
539.3455752000446,-0.003933015548215741,-35.330695399999954,2
539.4122134000063,0.0,-35.330695399999954,0
539.462283300003,0.0,-35.330695399999954,0
539.5123414000263,0.0,-35.330695399999954,0
539.5788381999591,0.0,-35.330695399999954,0
539.6295737000182,0.0,-35.330695399999954,0
539.6955612000311,0.0,-35.330695399999954,0
539.7456054999493,-0.005231365019148734,-35.33095719999995,2
539.7957092999713,0.0,-35.33095719999995,0
539.8621737000067,0.0,-35.33095719999995,0
539.9122159000253,0.0,-35.33095719999995,0
539.9623804000439,0.0,-35.33095719999995,0
540.0288833000232,0.0,-35.33095719999995,0
540.0789691000246,-0.005227030415660607,-35.33121899999995,2
540.1455806000158,0.0,-35.33121899999995,0
540.1974419000326,0.0050480801660472766,-35.33095719999995,1
540.262265300029,0.0,-35.33095719999995,0
540.3290090999799,0.0,-35.33095719999995,0
540.3954930000473,0.0,-35.33095719999995,0
540.4455034000566,-0.005234911137505357,-35.33121899999995,2
540.5120395000558,0.0,-35.33121899999995,0
540.5787497999845,0.0,-35.33121899999995,0
540.6288820999907,0.0,-35.33121899999995,0
540.695324899978,-0.003940231297449137,-35.331480799999945,2
540.7454498000443,0.0,-35.331480799999945,0
540.7954813999822,0.0,-35.331480799999945,0
540.8619711999781,0.0,-35.331480799999945,0
540.9120462000137,-0.005228157759640546,-35.33174259999994,2
540.9787420999492,0.0,-35.33174259999994,0
541.0288042000029,0.0,-35.33174259999994,0
541.0953073999844,0.0,-35.33174259999994,0
541.1454848999856,0.0,-35.33174259999994,0
541.1972397000063,0.0,-35.33174259999994,0
541.2620105999522,-0.004041938589996279,-35.33200439999994,2
541.3122670999728,0.0,-35.33200439999994,0
541.3786560000153,-0.0039434302998296224,-35.332266199999935,2
541.428798399982,-0.005221130224595873,-35.33252799999993,2
541.4953426000429,0.003934227171721177,-35.332266199999935,1
541.5455179000273,-0.0052177067218607725,-35.33252799999993,2
541.6120033999905,-0.003937700703838399,-35.33278979999993,2
541.6641963999718,0.0050159983157431025,-35.33252799999993,1
541.7288419000106,0.0,-35.33252799999993,0
541.7954485999653,0.0,-35.33252799999993,0
541.8620042999974,0.003933547387736397,-35.332266199999935,1
541.9120688999537,-0.005229243821543952,-35.33252799999993,2
541.962176400004,-0.005224766746248134,-35.33278979999993,2
542.0286602999549,-0.0039377954691741344,-35.333051599999926,2
542.0786640000297,-0.005235612556844626,-35.33331339999992,2
542.1453290999634,0.0,-35.33331339999992,0
542.1976754000643,0.0,-35.33331339999992,0
542.261942800018,-0.004073604972174019,-35.33357519999992,2
542.3122956999578,0.0,-35.33357519999992,0
542.3789046000456,0.0,-35.33357519999992,0
542.4455503000645,-0.007856470857863033,-35.33409879999992,2
542.5122234000592,0.0,-35.33409879999992,0
542.5788998999633,0.0,-35.33409879999992,0
542.6289247999666,0.0,-35.33409879999992,0
542.6789712000173,0.0,-35.33409879999992,0
542.7455896000611,0.0,-35.33409879999992,0
542.7956839000108,0.0,-35.33409879999992,0
542.8456898999866,0.0,-35.33409879999992,0
542.9122478000354,-0.0039334173675563576,-35.33436059999992,2
542.9790821999777,0.0,-35.33436059999992,0
543.045608800021,0.0,-35.33436059999992,0
543.0956101999618,0.0,-35.33436059999992,0
543.1456139000366,0.0,-35.33436059999992,0
543.201625799993,0.0,-35.33436059999992,0
543.2623018999584,0.0,-35.33436059999992,0
543.3290833999636,0.0,-35.33436059999992,0
543.3956209999742,-0.003934617418695014,-35.334622399999915,2
543.4622720000334,0.0,-35.334622399999915,0
543.5123460000614,0.0,-35.334622399999915,0
543.5623740999727,0.0,-35.334622399999915,0
543.6290591000579,0.0,-35.334622399999915,0
543.6802367999917,0.0,-35.334622399999915,0
543.7456575999968,0.0,-35.334622399999915,0
543.795800199965,0.0,-35.334622399999915,0
543.8624812000198,0.0,-35.334622399999915,0
543.9290498000337,0.0,-35.334622399999915,0
543.9790825999808,0.0,-35.334622399999915,0
544.0290888999589,0.0,-35.334622399999915,0
544.0957148000598,0.0,-35.334622399999915,0
544.1457544000586,0.0,-35.334622399999915,0
544.1975575999822,0.0,-35.334622399999915,0
544.2624588999897,0.0,-35.334622399999915,0
544.3292362999637,0.0,-35.334622399999915,0
544.3957691000542,0.0,-35.334622399999915,0
544.4458137999754,0.0,-35.334622399999915,0
544.5124271999812,0.0,-35.334622399999915,0
544.5624608000508,0.0,-35.334622399999915,0
544.6291378999595,0.0,-35.334622399999915,0
544.679219200043,0.0,-35.334622399999915,0
544.7458331000526,0.003930110682042278,-35.33436059999992,1
544.7959366999567,0.0,-35.33436059999992,0
544.8459499999881,-0.005234607591090969,-35.334622399999915,2
544.9125846000388,0.0,-35.334622399999915,0
544.962589600007,0.0,-35.334622399999915,0
545.0291776000522,-0.007863278663496582,-35.33514599999992,2
545.0791936999885,0.0,-35.33514599999992,0
545.1292168999789,0.0,-35.33514599999992,0
545.1980741999578,0.0,-35.33514599999992,0
545.2625690000132,0.0,-35.33514599999992,0
545.3292130000191,0.0,-35.33514599999992,0
545.3957457999932,0.0,-35.33514599999992,0
545.4458622999955,0.0,-35.33514599999992,0
545.5120358000277,0.0,-35.33514599999992,0
545.5621773999883,0.0,-35.33514599999992,0
545.6287593999878,0.0,-35.33514599999992,0
545.6953533999622,0.0,-35.33514599999992,0
545.7619707999984,0.0,-35.33514599999992,0
545.8121383000398,0.0,-35.33514599999992,0
545.8786310000578,-0.003937274316265901,-35.33540779999991,2
545.928679100005,0.0,-35.33540779999991,0
545.9786865999922,0.0,-35.33540779999991,0
546.0287028000457,0.0,-35.33540779999991,0
546.0952558000572,0.0,-35.33540779999991,0
546.1454154000385,0.0,-35.33540779999991,0
546.1962572999764,0.0,-35.33540779999991,0
546.2620317999972,0.0,-35.33540779999991,0
546.3121039000107,0.0,-35.33540779999991,0
546.3786377999932,0.0,-35.33540779999991,0
546.4287925000535,-0.005219849778482404,-35.33566959999991,2
546.4952834000578,-0.003937380904501786,-35.33593139999991,2
546.5452886000276,-0.005235455515794209,-35.336193199999904,2
546.5953294000356,0.0,-35.336193199999904,0
546.6460894000484,0.0,-35.336193199999904,0
546.7121069000568,0.0,-35.336193199999904,0
546.7786519000074,0.0,-35.336193199999904,0
546.828733399976,0.0,-35.336193199999904,0
546.8952800000552,0.0,-35.336193199999904,0
546.9453456000192,0.0,-35.336193199999904,0
547.0120109999552,-0.003927074618186099,-35.3364549999999,2
547.0786341000348,0.0,-35.3364549999999,0
547.1453208000166,-0.003974284046849413,-35.3367167999999,2
547.1962050000438,0.0,-35.3367167999999,0
547.2619501999579,0.0,-35.3367167999999,0
547.3125163000077,0.0,-35.3367167999999,0
547.3625486999517,0.0,-35.3367167999999,0
547.4291843000101,0.0,-35.3367167999999,0
547.4792500999756,0.0,-35.3367167999999,0
547.5458879000507,0.0,-35.3367167999999,0
547.5958977000555,0.0,-35.3367167999999,0
547.6474460000172,0.0,-35.3367167999999,0
547.7131778000621,0.0,-35.3367167999999,0
547.7793415000197,0.0,-35.3367167999999,0
547.8458858999657,0.0,-35.3367167999999,0
547.8959144999972,0.0,-35.3367167999999,0
547.9459157000529,0.0,-35.3367167999999,0
547.9959327999968,0.0,-35.3367167999999,0
548.0626168999588,0.0,-35.3367167999999,0
548.1292602999602,0.0,-35.3367167999999,0
548.1803111999761,0.0,-35.3367167999999,0
548.245956000057,0.0,-35.3367167999999,0
548.2959782000398,0.0,-35.3367167999999,0
548.3460922000231,0.0,-35.3367167999999,0
548.412658700021,0.0,-35.3367167999999,0
548.4626589999534,0.0,-35.3367167999999,0
548.5293361999793,0.0,-35.3367167999999,0
548.5959934999701,0.0,-35.3367167999999,0
548.6460080000106,0.0,-35.3367167999999,0
548.6960309999995,0.0,-35.3367167999999,0
548.7460518999724,0.0,-35.3367167999999,0
548.8127151000081,0.0,-35.3367167999999,0
548.8793984999647,0.0,-35.3367167999999,0
548.9460436999798,0.0,-35.3367167999999,0
549.0127151999623,0.0039267153141718854,-35.3364549999999,1
549.0627235999564,0.010470241000744736,-35.3359313999999,1
549.112748399959,-0.02093361692492719,-35.3369785999999,2
549.1638900999678,-0.005119110235962463,-35.3372403999999,2
549.2294396000216,0.007987856498839272,-35.3367167999999,1
549.2794427999761,-0.005235664922207635,-35.336978599999895,2
549.3295390000567,-0.005225945272871977,-35.33724039999989,2
549.3795794000616,0.0052317727271189935,-35.336978599999895,1
549.446103699971,0.003935404060722206,-35.3367167999999,1
549.5127876000479,0.0,-35.3367167999999,0
549.5794883000199,-0.007849992582085161,-35.3372403999999,2
549.6311216000468,0.015211113750063327,-35.3364549999999,1
549.6961050999817,0.0,-35.3364549999999,0
549.7473556000041,-0.005108242844175242,-35.3367167999999,2
549.8128029999789,0.008000317815552686,-35.3361931999999,1
549.8628259999678,-0.005233592548592768,-35.336454999999894,2
549.9294680999592,-0.007856895266914594,-35.336978599999895,2
549.9795070999535,-0.005231919103697083,-35.33724039999989,2
550.0462254000595,0.00784792177210885,-35.33671679999989,1
550.0962304000277,0.005235476455681758,-35.336454999999894,1
550.1639189999551,-0.003867711849277218,-35.33671679999989,2
550.2295061000623,0.0,-35.33671679999989,0
550.2960764999734,-0.0039326787934193955,-35.33697859999989,2
550.346176299965,0.0,-35.33697859999989,0
550.4127218000358,0.003934150314018371,-35.33671679999989,1
550.4792665999848,-0.003934191705444702,-35.33697859999989,2
550.545991800027,0.0,-35.33697859999989,0
550.6125902000349,0.0,-35.33697859999989,0
550.662620899966,0.0,-35.33697859999989,0
550.7288453000365,0.0,-35.33697859999989,0
550.7952785999514,0.0,-35.33697859999989,0
550.8454671000363,0.0,-35.33697859999989,0
550.9118637000211,0.0,-35.33697859999989,0
550.9618957999628,0.0,-35.33697859999989,0
551.0119311000453,0.0,-35.33697859999989,0
551.0619676000206,0.0,-35.33697859999989,0
551.1119749000063,-0.00523523565708751,-35.337240399999885,2
551.1622400999768,-0.005208374783227497,-35.33750219999988,2
551.2286579000065,-0.003941714418164626,-35.33776399999988,2
551.2952392000007,0.0,-35.33776399999988,0
551.3455096000107,-0.005207836021747682,-35.338025799999876,2
551.3955340000102,0.0,-35.338025799999876,0
551.4619375000475,0.0,-35.338025799999876,0
551.5119394999929,0.0,-35.338025799999876,0
551.5620212999638,0.0,-35.338025799999876,0
551.6287326000165,0.0,-35.338025799999876,0
551.6952621999662,0.0,-35.338025799999876,0
551.7454884999897,-0.005212408636063745,-35.33828759999987,2
551.811933799996,0.0,-35.33828759999987,0
551.861995400046,-0.0052295571803287096,-35.33854939999987,2
551.9286456999835,0.0,-35.33854939999987,0
551.9787902999669,-0.005220901155584222,-35.33881119999987,2
552.0289857999887,0.0,-35.33881119999987,0
552.1453558000503,-0.0039515370662622715,-35.339072999999864,2
552.1960364000406,0.0,-35.339072999999864,0
552.2619468000485,0.0,-35.339072999999864,0
552.3123573999619,0.0,-35.339072999999864,0
552.3785560999531,0.0,-35.339072999999864,0
552.4286583999638,0.0,-35.339072999999864,0
552.4794678000035,0.0,-35.339072999999864,0
552.5461063999683,0.0,-35.339072999999864,0
552.6127638999606,0.0,-35.339072999999864,0
552.6656334999716,0.0,-35.339072999999864,0
552.7294209999964,0.0,-35.339072999999864,0
552.7795345999766,0.0,-35.339072999999864,0
552.8295465999981,0.0,-35.339072999999864,0
552.8960865000263,0.0,-35.339072999999864,0
552.9461000000592,0.0,-35.339072999999864,0
553.0127663000021,0.0,-35.339072999999864,0
553.0627876999788,-0.005233759953180474,-35.33933479999986,2
553.1128007000079,-0.005234638990811723,-35.33959659999986,2
553.1794476000359,0.0,-35.33959659999986,0
553.2294992000097,0.0,-35.33959659999986,0
553.2961482000537,0.0,-35.33959659999986,0
553.3462655000621,0.0,-35.33959659999986,0
553.4128276000265,0.0,-35.33959659999986,0
553.4795555999735,0.0,-35.33959659999986,0
553.546166199958,0.0,-35.33959659999986,0
553.6128336000256,0.0,-35.33959659999986,0
553.6648040000582,0.0,-35.33959659999986,0
553.7295460000169,0.0,-35.33959659999986,0
553.7795536000049,0.0,-35.33959659999986,0
553.8296461000573,0.0,-35.33959659999986,0
553.8962183999829,-0.003932566552342971,-35.339858399999855,2
553.9462438999908,0.0,-35.339858399999855,0
554.0128948000493,0.003927928951753377,-35.33959659999986,1
554.0795947000152,0.0,-35.33959659999986,0
554.1296029000077,0.0,-35.33959659999986,0
554.1985807999736,-0.0037954185344826227,-35.339858399999855,2
554.2629270000616,0.004068616322981045,-35.33959659999986,1
554.3296975999838,-0.003920887341212768,-35.339858399999855,2
554.3963001000229,0.0,-35.339858399999855,0
554.4629516999703,0.0,-35.339858399999855,0
554.5296253999695,-0.0039265857452493395,-35.34012019999985,2
554.5796376999933,0.0,-35.34012019999985,0
554.6297716000117,0.0,-35.34012019999985,0
554.6963497999823,0.0,-35.34012019999985,0
554.7637700999621,0.0,-35.34012019999985,0
554.829680899973,0.0,-35.34012019999985,0
554.8963167000329,0.0,-35.34012019999985,0
554.946356200031,0.0,-35.34012019999985,0
555.0130117000081,0.0,-35.34012019999985,0
555.0630582000595,0.0,-35.34012019999985,0
555.1131430000532,0.0,-35.34012019999985,0
555.1807622000342,0.00387168141701814,-35.339858399999855,1
555.2463654000312,0.0,-35.339858399999855,0
555.3129279999994,0.0,-35.339858399999855,0
555.3630576999858,0.0,-35.339858399999855,0
555.4296071999706,0.0,-35.339858399999855,0
555.4954062000616,0.0,-35.339858399999855,0
555.5617810999975,0.0,-35.339858399999855,0
555.6119789000368,0.0,-35.339858399999855,0
555.6786246000556,0.0,-35.339858399999855,0
555.745294900029,0.0,-35.339858399999855,0
555.7953279999783,0.0,-35.339858399999855,0
555.8454368000384,-0.005224631196235339,-35.34012019999985,2
555.9119640999706,0.0,-35.34012019999985,0
555.9620292000473,0.0052291915845449274,-35.339858399999855,1
556.0284690000117,0.0,-35.339858399999855,0
556.078479400021,0.0,-35.339858399999855,0
556.1285571999615,0.0,-35.339858399999855,0
556.1801500000292,0.0,-35.339858399999855,0
556.2452202000422,0.0,-35.339858399999855,0
556.2953250999562,0.0,-35.339858399999855,0
556.3453370999778,0.0,-35.339858399999855,0
556.3954748000251,0.0,-35.339858399999855,0
556.4618494999595,0.0,-35.339858399999855,0
556.5119814999634,0.0,-35.339858399999855,0
556.5784841000568,0.0,-35.339858399999855,0
556.6290586000541,0.0,-35.339858399999855,0
556.6953200000571,0.0,-35.339858399999855,0
556.7620647000149,0.003922408822956759,-35.33959659999986,1
556.8120842999779,-0.005233948296143174,-35.339858399999855,2
556.8785282999743,0.0,-35.339858399999855,0
556.9285582000157,-0.005232870738964358,-35.34012019999985,2
556.978643200011,0.0,-35.34012019999985,0
557.0452353999717,0.0,-35.34012019999985,0
557.1451405000407,0.0,-35.34012019999985,0
557.1965246000327,0.0,-35.34012019999985,0
557.2622482000152,0.0,-35.34012019999985,0
557.313044999959,0.0,-35.34012019999985,0
557.3797176999506,0.0,-35.34012019999985,0
557.4297828000272,0.0,-35.34012019999985,0
557.4963398999535,0.0,-35.34012019999985,0
557.5463796999538,0.0,-35.34012019999985,0
557.613034900045,0.0,-35.34012019999985,0
557.6655493000289,0.0,-35.34012019999985,0
557.7297022000421,0.0,-35.34012019999985,0
557.7798787000356,0.0,-35.34012019999985,0
557.8299486000324,0.0,-35.34012019999985,0
557.8964001999702,0.0,-35.34012019999985,0
557.9464795000385,0.0,-35.34012019999985,0
558.0130677999696,0.0,-35.34012019999985,0
558.0797902999911,0.0,-35.34012019999985,0
558.1297951999586,0.0,-35.34012019999985,0
558.1798056999687,0.0,-35.34012019999985,0
558.2298951999983,0.0,-35.34012019999985,0
558.2964772999985,0.0,-35.34012019999985,0
558.3465905999765,0.0,-35.34012019999985,0
558.413208300015,0.0,-35.34012019999985,0
558.4798476999858,0.0,-35.34012019999985,0
558.5464995000511,0.0,-35.34012019999985,0
558.5965151999844,0.0,-35.34012019999985,0
558.6489263999974,0.0,-35.34012019999985,0
558.7132072000531,0.0,-35.34012019999985,0
558.763217400061,0.0,-35.34012019999985,0
558.8138847999508,0.0,-35.34012019999985,0
558.8799163999502,0.0,-35.34012019999985,0
558.9465343999909,0.0,-35.34012019999985,0
558.9965637000278,0.0,-35.34012019999985,0
559.0631808000617,0.0,-35.34012019999985,0
559.1132458000211,0.0,-35.34012019999985,0
559.1632806999842,0.0,-35.34012019999985,0
559.2132974000415,0.0,-35.34012019999985,0
559.2799496999942,-0.003927846453697975,-35.34038199999985,2
559.3300516000018,0.005225350734411551,-35.34012019999985,1
559.3965916000307,0.0,-35.34012019999985,0
559.4466079999693,0.0,-35.34012019999985,0
559.4966238000197,0.0,-35.34012019999985,0
559.5632870000554,0.0,-35.34012019999985,0
559.6132928000297,0.0,-35.34012019999985,0
559.6655189000303,0.0,-35.34012019999985,0
559.7299789000535,0.0,-35.34012019999985,0
559.7800922000315,0.0,-35.34012019999985,0
559.830591200036,0.0,-35.34012019999985,0
559.8966702000471,0.0,-35.34012019999985,0
559.9633465999505,0.0,-35.34012019999985,0
560.030025199987,0.0,-35.34012019999985,0
560.0967497000238,0.0,-35.34012019999985,0
560.1634108000435,0.0,-35.34012019999985,0
560.21341820003,0.0,-35.34012019999985,0
560.2799680000171,0.0,-35.34012019999985,0
560.3300436000573,0.0,-35.34012019999985,0
560.3965938000474,0.0,-35.34012019999985,0
560.4466172000393,0.0,-35.34012019999985,0
560.5131807000143,0.0,-35.34012019999985,0
560.5631838999689,0.0,-35.34012019999985,0
560.6298917999957,0.0,-35.34012019999985,0
560.6952116000466,0.0,-35.34012019999985,0
560.7618357000174,0.0,-35.34012019999985,0
560.8119579000631,0.0,-35.34012019999985,0
560.8786192999687,0.00392731026307363,-35.339858399999855,1
560.9288374000462,0.0,-35.339858399999855,0
560.9952051000437,0.0,-35.339858399999855,0
561.0452235999983,0.005234063401293673,-35.33959659999986,1
561.0953155000461,0.0,-35.33959659999986,0
561.1618396999547,0.0,-35.33959659999986,0
561.2118879000191,0.0,-35.33959659999986,0
561.2619651999557,0.0,-35.33959659999986,0
561.3120048999554,-0.005231845914384207,-35.339858399999855,2
561.3786251000129,0.0,-35.339858399999855,0
561.4289084000047,0.005206499972006129,-35.33959659999986,1
561.4953709000256,-0.0039390633803697535,-35.339858399999855,2
561.561890300014,0.00393569394861346,-35.33959659999986,1
561.6119065999519,0.0,-35.33959659999986,0
561.6636793999933,-0.005056709310503608,-35.339858399999855,2
561.7287997000385,0.004020251746661734,-35.33959659999986,1
561.7788563000504,0.0,-35.33959659999986,0
561.8289822000079,-0.005222848870983023,-35.339858399999855,2
561.8952121000038,0.003952897407605456,-35.33959659999986,1
561.9618648999603,-0.003927816988496477,-35.339858399999855,2
562.0285948000383,0.0,-35.339858399999855,0
562.145167300012,0.007913812601495667,-35.339334799999854,1
562.1969368000282,-0.015171094944971462,-35.34012019999985,2
562.2619094999973,-0.004029384651162815,-35.34038199999985,2
562.3119361000136,-0.010466431854845143,-35.34090559999985,2
562.3785214000382,0.007863597517869029,-35.34038199999985,1
562.428681600024,0.0,-35.34038199999985,0
562.4799524999689,0.0,-35.34038199999985,0
562.5300219999626,-0.010457464126182914,-35.34090559999985,2
562.5966433000285,0.0,-35.34090559999985,0
562.6487516000634,0.005024151619314332,-35.34064379999985,1
562.7133422000334,0.004053221368461599,-35.340381999999856,1
562.7800917000277,0.023532760547021747,-35.33881119999985,1
562.8306678000372,-0.005176358002116773,-35.33907299999985,2
562.8966670000227,-0.007933429497854892,-35.33959659999985,2
562.9466670999536,0.0,-35.33959659999985,0
563.0133201000281,0.011783415587038201,-35.33881119999985,1
563.063331100042,0.010469696663821242,-35.33828759999985,1
563.1133498999989,-0.005234032008477808,-35.33854939999985,2
563.1633721999824,-0.005233665786782156,-35.338811199999846,2
563.2300387000432,0.003927009813941978,-35.33854939999985,1
563.2800948000513,0.0,-35.33854939999985,0
563.3301198000554,0.005233383307917133,-35.33828759999985,1
563.3966975000221,0.003932247586366472,-35.338025799999855,1
563.4467415000545,-0.01046279273562158,-35.338549399999856,2
563.5133945000125,-0.023566831215237945,-35.34012019999986,2
563.56341599999,-0.015701248470239973,-35.34090559999986,2
563.6134279000107,0.0,-35.34090559999986,0
563.6654114000266,0.0,-35.34090559999986,0
563.7300716000609,0.0,-35.34090559999986,0
563.7801191000035,-0.010462061054010544,-35.34142919999986,2
563.8306784000015,0.0,-35.34142919999986,0
563.8967952999519,0.003959653283748646,-35.34116739999986,1
563.946797200013,0.01570740309950861,-35.34038199999986,1
563.9968013999751,0.005235560216907018,-35.340120199999866,1
564.0634969000239,-0.007850604607759472,-35.34064379999987,2
564.1301463999553,0.0,-35.34064379999987,0
564.1812608999899,0.0,-35.34064379999987,0
564.2467846999643,0.0,-35.34064379999987,0
564.2968811000464,0.00522592440915699,-35.34038199999987,1
564.346945199999,0.0,-35.34038199999987,0
564.4134959999938,-0.007867674018065401,-35.34090559999987,2
564.4635208999971,0.005233393769553552,-35.340643799999874,1
564.5301886999514,0.003926933244826597,-35.34038199999988,1
564.5801935000345,-0.00523549738354814,-35.340643799999874,2
564.6321816999698,0.0,-35.340643799999874,0
564.6968947000569,0.0,-35.340643799999874,0
564.7469075999688,0.005234649469653744,-35.34038199999988,1
564.8135560000082,0.003928076290581415,-35.34012019999988,1
564.863577799988,0.0,-35.34012019999988,0
564.9302691000048,0.003925549508465742,-35.33985839999988,1
564.9969205999514,0.007855787197879804,-35.33933479999988,1
565.0635827999795,-0.003927263124975401,-35.33959659999988,2
565.1136413000058,-0.01568964310929284,-35.34038199999988,2
565.1645874000387,-0.005138764298562491,-35.340643799999874,2
565.23026760004,0.003985980554187071,-35.34038199999988,1
565.2967909000581,-0.011806389637699541,-35.341167399999875,2
565.346840800019,0.005230779685967216,-35.34090559999988,1
565.3968428999651,0.010471560205751063,-35.34038199999988,1
565.446865499951,0.0,-35.34038199999988,0
565.5121533999918,-0.008019862787320906,-35.34090559999988,2
565.5621865000576,-0.005232536054248664,-35.341167399999875,2
565.628940799972,0.003921844740120974,-35.34090559999988,1
565.6953954000492,0.0,-35.34090559999988,0
565.7454167000251,-0.005233770416322792,-35.341167399999875,2
565.7955122999847,0.005226007877161019,-35.34090559999988,1
565.8625492999563,0.0,-35.34090559999988,0
565.9288416999625,0.0,-35.34090559999988,0
565.9789208000293,0.0,-35.34090559999988,0
566.0454263000283,0.0,-35.34090559999988,0
566.095443499973,0.0,-35.34090559999988,0
566.1455112999538,0.0,-35.34090559999988,0
566.1969902999699,0.0,-35.34090559999988,0
566.2622096999548,-0.004014143031989091,-35.341167399999875,2
566.3122147000395,0.005235476443493183,-35.34090559999988,1
566.3789831000613,0.0,-35.34090559999988,0
566.445683500031,0.0,-35.34090559999988,0
566.512379599968,0.0,-35.34090559999988,0
566.5788619000232,0.0,-35.34090559999988,0
566.629067300004,0.0,-35.34090559999988,0
566.6956108000595,0.003934268557881928,-35.34064379999988,1
566.7457108000526,-0.0052255489029144385,-35.34090559999988,2
566.8121899999678,0.0,-35.34090559999988,0
566.8622869000537,0.0,-35.34090559999988,0
566.9289341999684,-0.003928141130028996,-35.341167399999875,2
566.9955378000159,0.0,-35.341167399999875,0
567.0621670000255,0.0,-35.341167399999875,0
567.1454206999624,-0.003957779654993005,-35.34142919999987,2
567.1974505999824,0.0,-35.34142919999987,0
567.2636471999576,0.003954885901964289,-35.341167399999875,1
567.3136694000568,0.0,-35.341167399999875,0
567.3803533000173,0.0,-35.341167399999875,0
567.4469858000521,0.0,-35.341167399999875,0
567.4969967000652,0.0,-35.341167399999875,0
567.547000200022,0.0,-35.341167399999875,0
567.597022300004,0.0,-35.341167399999875,0
567.648704100051,0.0,-35.341167399999875,0
567.7136920000194,0.0,-35.341167399999875,0
567.7804840999888,0.0,-35.341167399999875,0
567.8471235999605,0.0,-35.341167399999875,0
567.897754900041,0.0,-35.341167399999875,0
567.9637352999998,0.0,-35.341167399999875,0
568.0303825000301,0.0,-35.341167399999875,0
568.0803831999656,0.0,-35.341167399999875,0
568.1304148000199,0.0,-35.341167399999875,0
568.1815102000255,0.0,-35.341167399999875,0
568.2470904999645,0.0,-35.341167399999875,0
568.3137550000101,0.0,-35.341167399999875,0
568.3637897999724,-0.005232358282580048,-35.34142919999987,2
568.4304299000651,0.0,-35.34142919999987,0
568.4804600999923,0.005232839372629797,-35.341167399999875,1
568.5304621000541,-0.005235790561906598,-35.34142919999987,2
568.5804627999896,0.0,-35.34142919999987,0
568.6304989999626,0.005232211881426922,-35.341167399999875,1
568.6805726999883,0.0,-35.341167399999875,0
568.74713230005,0.0,-35.341167399999875,0
568.7972499000607,0.005223713823967321,-35.34090559999988,1
568.8472621999681,-0.005234712270476804,-35.341167399999875,2
568.9152296000393,0.0,-35.341167399999875,0
568.9805312999524,0.0,-35.341167399999875,0
569.0471758999629,0.0,-35.341167399999875,0
569.1138292000396,0.0,-35.341167399999875,0
569.1638654000126,0.0,-35.341167399999875,0
569.2305336999707,0.0,-35.341167399999875,0
569.2805719999596,0.0,-35.341167399999875,0
569.3306735999649,0.0,-35.341167399999875,0
569.3972382000647,0.0,-35.341167399999875,0
569.4472486999584,0.0,-35.341167399999875,0
569.5139057000633,0.0,-35.341167399999875,0
569.5786425999831,0.0,-35.341167399999875,0
569.6305951999966,0.0,-35.341167399999875,0
569.6806072000181,0.0,-35.341167399999875,0
569.7472611999838,0.0,-35.341167399999875,0
569.7973643000005,0.0,-35.341167399999875,0
569.8473702999763,0.0,-35.341167399999875,0
569.9146524999524,0.0,-35.341167399999875,0
569.9806200000457,0.0,-35.341167399999875,0
570.047277100035,0.0,-35.341167399999875,0
570.0973655000562,0.0,-35.341167399999875,0
570.1639861000003,0.0,-35.341167399999875,0
570.2306143000023,0.0,-35.341167399999875,0
570.2971563000465,0.0,-35.341167399999875,0
570.34723449999,0.0,-35.341167399999875,0
570.4138102000579,0.0,-35.341167399999875,0
570.4638370999601,0.0,-35.341167399999875,0
570.5290760999778,0.0,-35.341167399999875,0
570.5791284999577,0.0,-35.341167399999875,0
570.6292339999927,0.0,-35.341167399999875,0
570.695802400005,0.0,-35.341167399999875,0
570.7623916000593,0.0,-35.341167399999875,0
570.8124794999603,0.0,-35.341167399999875,0
570.8624975000275,0.0,-35.341167399999875,0
570.9295377000235,0.0,-35.341167399999875,0
570.9958005000371,0.0,-35.341167399999875,0
571.0624180999584,0.0,-35.341167399999875,0
571.1124295999762,0.0,-35.341167399999875,0
571.1625078000361,0.0,-35.341167399999875,0
571.2290721000172,0.0,-35.341167399999875,0
571.2791241999948,0.0,-35.341167399999875,0
571.3291952,0.0,-35.341167399999875,0
571.3959289999912,0.0,-35.341167399999875,0
571.4460196000291,0.0,-35.341167399999875,0
571.5123881000327,0.0,-35.341167399999875,0
571.5623907999834,0.0,-35.341167399999875,0
571.6124908999773,0.0,-35.341167399999875,0
571.6792110999813,0.0,-35.341167399999875,0
571.7457890999503,0.0,-35.341167399999875,0
571.7958446999546,0.0,-35.341167399999875,0
571.8458823000547,0.0,-35.341167399999875,0
571.8959184000269,0.0,-35.341167399999875,0
571.962516300031,0.0,-35.341167399999875,0
572.0291619000491,0.0,-35.341167399999875,0
572.1457195000257,0.0,-35.341167399999875,0
572.1957203999627,0.0,-35.341167399999875,0
572.2457930999808,0.0,-35.341167399999875,0
572.2972980999621,0.0,-35.341167399999875,0
572.3474128999515,0.0,-35.341167399999875,0
572.4139908000361,0.0,-35.341167399999875,0
572.4806857999647,0.0,-35.341167399999875,0
572.5473370000254,-0.003927911271836779,-35.34142919999987,2
572.5973442000104,0.005235246126131013,-35.341167399999875,1
572.6640180000104,0.0,-35.341167399999875,0
572.7306536999531,0.0,-35.341167399999875,0
572.7808234000113,-0.005218289120652805,-35.34142919999987,2
572.8474268000573,0.0,-35.34142919999987,0
572.9140502000228,-0.0039295502801674305,-35.34169099999987,2
572.9807570000412,0.0,-35.34169099999987,0
573.0474108000053,0.0,-35.34169099999987,0
573.1140618000645,-0.003927923058430161,-35.341952799999866,2
573.1640783000039,0.0,-35.341952799999866,0
573.2140823999653,0.005235570687248624,-35.34169099999987,1
573.264084000024,-0.005235832447209658,-35.341952799999866,2
573.3140931000235,-0.005235047221464044,-35.34221459999986,2
573.364105500048,0.00523470179138335,-35.341952799999866,1
573.4141078999965,-0.005235748689463519,-35.34221459999986,2
573.4641416999511,0.005232462859848397,-35.341952799999866,1
573.5307846999494,0.0,-35.341952799999866,0
573.5808226000518,0.0,-35.341952799999866,0
573.6495258000214,0.003810593976930107,-35.34169099999987,1
573.7141325999983,0.0,-35.34169099999987,0
573.7809070999501,0.0,-35.34169099999987,0
573.847465400002,0.0,-35.34169099999987,0
573.8975227000192,0.0,-35.34169099999987,0
573.9475592999952,0.0,-35.34169099999987,0
574.0141706999857,0.0,-35.34169099999987,0
574.0641868000384,0.0,-35.34169099999987,0
574.1141931000166,0.0,-35.34169099999987,0
574.1819074000232,0.0,-35.34169099999987,0
574.247540500015,0.0,-35.34169099999987,0
574.3141902000643,0.0,-35.34169099999987,0
574.364307199954,0.0,-35.34169099999987,0
574.4308923999779,0.0,-35.34169099999987,0
574.4809227000223,0.0,-35.34169099999987,0
574.5309654000448,0.0,-35.34169099999987,0
574.5975602000253,0.0,-35.34169099999987,0
574.6476071999641,0.0,-35.34169099999987,0
574.7142308000475,0.0,-35.34169099999987,0
574.7643519999692,0.0,-35.34169099999987,0
574.8309894000413,0.0,-35.34169099999987,0
574.8975821000058,0.0,-35.34169099999987,0
574.9650122000603,0.0,-35.34169099999987,0
575.0309095999692,0.0,-35.34169099999987,0
575.080976700061,0.0,-35.34169099999987,0
575.1475485999836,-0.003932590181510842,-35.341952799999866,2
575.2141928999918,0.0,-35.341952799999866,0
575.2641985999653,0.0052354031668081545,-35.34169099999987,1
575.330828599981,0.0,-35.34169099999987,0
575.397429100005,-0.003930901418246978,-35.341952799999866,2
575.4641466999892,0.003924002063350151,-35.34169099999987,1
575.5306506999768,0.0039366053177064,-35.34142919999987,1
575.5806818000274,0.0,-35.34142919999987,0
575.6307080000406,-0.005233257771542447,-35.34169099999987,2
575.6960108999629,0.004009010324376462,-35.34142919999987,1
575.7625557000283,0.0,-35.34142919999987,0
575.8127974000527,-0.005210810937391607,-35.34169099999987,2
575.8628546999535,0.0,-35.34169099999987,0
575.9293349999934,0.003938008700961662,-35.34142919999987,1
575.9959568000631,0.0,-35.34142919999987,0
576.0626155000646,0.0,-35.34142919999987,0
576.1293734000064,0.0,-35.34142919999987,0
576.1973206000403,0.0,-35.34142919999987,0
576.2626440000022,0.0,-35.34142919999987,0
576.3127398999641,0.0,-35.34142919999987,0
576.3792769999709,-0.003934646986014438,-35.34169099999987,2
576.445905599976,0.003929243597796087,-35.34142919999987,1
576.496030600043,0.0,-35.34142919999987,0
576.5628940999741,-0.003915439668427936,-35.34169099999987,2
576.629506999976,0.0,-35.34169099999987,0
576.695985600003,0.003938109405034326,-35.34142919999987,1
576.762613400002,-0.003929290776583524,-35.34169099999987,2
576.8127385999542,0.0,-35.34169099999987,0
576.8793398999842,0.0,-35.34169099999987,0
576.9459953999612,0.0,-35.34169099999987,0
577.0126978000626,0.0,-35.34169099999987,0
577.0793362000259,0.0,-35.34169099999987,0
577.1459327000193,0.0,-35.34169099999987,0
577.212714000023,0.0,-35.34169099999987,0
577.2793394000037,0.0,-35.34169099999987,0
577.3294498999603,0.0,-35.34169099999987,0
577.3959799000295,0.0,-35.34169099999987,0
577.4642104000086,0.0,-35.34169099999987,0
577.5142132999608,0.0,-35.34169099999987,0
577.5642399999779,0.0,-35.34169099999987,0
577.6309170000022,0.0,-35.34169099999987,0
577.6809286000207,0.0,-35.34169099999987,0
577.7309397000354,0.0,-35.34169099999987,0
577.7809919000138,0.0,-35.34169099999987,0
577.831059499993,0.0,-35.34169099999987,0
577.8976536999689,0.0,-35.34169099999987,0
577.9643105999567,0.0,-35.34169099999987,0
578.0309501000447,0.0,-35.34169099999987,0
578.0810001000063,0.0,-35.34169099999987,0
578.1476464000298,0.0,-35.34169099999987,0
578.2143141999841,0.0,-35.34169099999987,0
578.2643790000584,0.0,-35.34169099999987,0
578.3311689000111,0.0,-35.34169099999987,0
578.3977331999922,0.0,-35.34169099999987,0
578.4643523000414,0.0,-35.34169099999987,0
578.5310350999935,0.0,-35.34169099999987,0
578.5810667000478,0.0,-35.34169099999987,0
578.6492109999526,0.0038418473792479046,-35.34142919999987,1
578.7143689000513,0.0040179318179896055,-35.341167399999875,1
578.7811203000601,0.01568806047306846,-35.34012019999987,1
578.8476821000222,0.0,-35.34012019999987,0
578.8977308999747,0.0,-35.34012019999987,0
578.9643808000255,0.003927987885958199,-35.339858399999876,1
579.031051900005,0.00392673887307651,-35.33959659999988,1
579.0810631000204,-0.005234827397047266,-35.339858399999876,2
579.1477143999655,0.023567432312563325,-35.33828759999987,1
579.2144124000333,0.015700620692296496,-35.33724039999987,1
579.2810995000182,-0.011777390232570658,-35.33802579999987,2
579.331251900061,-0.03132053498252424,-35.33959659999987,2
579.3977675000206,-0.011807756383132088,-35.34038199999987,2
579.4644057999831,-0.019643358259987337,-35.34169099999987,2
579.5144451999804,-0.010463754561963686,-35.34221459999987,2
579.581093500019,0.0078561643687289,-35.34169099999987,1
579.6311864999589,-0.015678837381345897,-35.34247639999987,2
579.6978570000501,-0.05497483887149576,-35.34614159999987,2
579.7644430999644,-0.12581604885682698,-35.35451919999987,2
579.8145842000376,-0.24539948230151712,-35.36682379999987,2
579.8811624000082,-0.18481424858955905,-35.37912839999987,2
579.9478259000462,-0.07854373078247098,-35.38436439999987,2
580.011875599972,-0.04496195928061159,-35.38724419999987,2
580.064545399975,-0.034794132498956847,-35.38907679999987,2
580.1145545999752,-0.026175183766080173,-35.39038579999987,2
580.1812277999707,-0.05889922787971339,-35.39431279999987,2
580.2478602000047,-0.2003799952153604,-35.40766459999987,2
580.3144478000468,-0.2516264287855917,-35.42441979999987,2
580.3644721000455,-0.3349412185760272,-35.441174999999866,2
580.4145163999638,-0.2563368859382879,-35.45400319999987,2
580.4797772000311,-0.1564522652107426,-35.46421339999987,2
580.5464584999718,-0.1217102847008006,-35.47232919999987,2
580.6129458000651,-0.05512631727950301,-35.47599439999987,2
580.6796862999909,-0.03530390096897028,-35.47835059999987,2
580.7297373999609,-0.14122766541067147,-35.48541919999987,2
580.796344100032,-0.18473516908748083,-35.49772379999987,2
580.8629060999956,-0.2674559059183369,-35.51552619999987,2
580.9295548000373,-0.23961157516964401,-35.53149599999987,2
580.9796613999642,-0.24556844842673684,-35.54380059999987,2
581.0462697000476,-0.11398279179176335,-35.55139279999987,2
581.1128957000328,-0.12181130492293044,-35.559508599999866,2
581.1629183000186,-0.2773826231329928,-35.57338399999987,2
581.2130347000202,-0.370892562103772,-35.59197179999987,2
581.2796411999734,-0.28692995448536746,-35.61108319999987,2
581.3297004000051,-0.33993751376829456,-35.62810019999987,2
581.3962883000495,-0.21624048799255832,-35.64249919999987,2
581.4629216999747,-0.13358465889468107,-35.651400399999865,2
581.5298673000652,-0.18771061851717072,-35.66396679999986,2
581.5965509000234,-0.2473381762583252,-35.680460199999864,2
581.6631956000347,-0.2828371948080094,-35.69930979999987,2
581.7283522000071,-0.2611707794330747,-35.71632679999987,2
581.7796988000628,-0.24983543187057217,-35.72915499999987,2
581.8462705999846,-0.10224749831002661,-35.73596179999987,2
581.8963471000316,-0.01045600230664256,-35.73648539999987,2
581.9630460999906,0.12952817891280133,-35.72784599999987,1
582.0138415000401,0.13915827010135678,-35.720777399999875,1
582.0784677000483,0.10937669241116524,-35.71370879999988,1
582.1297318000579,0.10393363805963153,-35.70847279999988,1
582.1953579999972,0.06382816624877143,-35.70428399999988,1
582.2463499000296,-0.005134148753698617,-35.70454579999988,2
582.2978574000299,-0.2338067271743012,-35.71658859999988,2
582.347986400011,-0.24023619071876506,-35.728631399999884,2
582.4145677000051,-0.27917448294995323,-35.74721919999988,2
582.4645939000184,-0.3820278173225986,-35.76633059999988,2
582.5313214999624,-0.2471750821825566,-35.782823999999884,2
582.5979044999694,-0.20052866345131873,-35.79617579999989,2
582.6646062999498,-0.23942082529558556,-35.81214559999989,2
582.7146152000641,-0.38215997465062607,-35.83125699999989,2
582.7787948000478,-0.3018591578156479,-35.850630199999884,2
582.831302799983,-0.33904167025927806,-35.868432599999885,2
582.881329099997,-0.32969458055833384,-35.884925999999886,2
582.9479808000615,-0.26709596278507003,-35.90272839999989,2
583.0146278999746,-0.3574619155381732,-35.92655219999989,2
583.0813554000342,-0.32956726957167565,-35.94854339999989,2
583.1314124000492,-0.371332680633191,-35.96713119999989,2
583.1955806000624,-0.285593175376935,-35.98545719999989,2
583.2479854000267,-0.4096494980351631,-36.006924799999894,2
583.2980358999921,-0.48122596211092256,-36.03101039999989,2
583.3480860999553,-0.48645959492519236,-36.055357799999896,2
583.4146682999562,-0.2791707092845014,-36.073945599999895,2
583.4646693000104,-0.40316393628440084,-36.0941041999999,2
583.514708200004,-0.46040980123427244,-36.117142599999895,2
583.5814245999791,-0.36101468318107205,-36.141228199999894,2
583.6455248000566,-0.34715960282633435,-36.16348119999989,2
583.6980909999693,-0.34364667847407493,-36.18154539999989,2
583.7647010999499,-0.2515414329790525,-36.19830059999989,2
583.814762199996,-0.3869910965228533,-36.217673799999886,2
583.8647704999894,-0.42404560848538014,-36.23887959999988,2
583.931451600045,-0.30623969884990826,-36.25929999999988,2
583.9981192999985,-0.24739716551634125,-36.275793399999884,2
584.0647569999564,-0.21607888641248008,-36.29019239999988,2
584.1147793000564,-0.33495460957452866,-36.30694759999988,2
584.1648393999785,-0.38699882801151514,-36.32632079999988,2
584.2287109000608,-0.2992163950333137,-36.34543219999988,2
584.295394100016,-0.2551917126269469,-36.36244919999988,2
584.34825489996,-0.2575367761065815,-36.37606279999988,2
584.4142318000086,-0.21824305157416365,-36.390461799999876,2
584.4815215000417,-0.2451103213697827,-36.40695519999988,2
584.5481324000284,-0.25939898730463345,-36.42423399999988,2
584.5982496000361,-0.2820827978785453,-36.43837119999988,2
584.6620696999598,-0.06973665044894545,-36.44282179999988,2
584.7120723000262,-0.06282873282250215,-36.445963399999876,2
584.7648265999742,-0.11910308744868793,-36.452246599999874,2
584.8148804999655,-0.20398410517001378,-36.46245679999988,2
584.86495009996,-0.26666480262430275,-36.47580859999988,2
584.9315835000016,-0.23573763293169725,-36.491516599999876,2
584.995411299984,-0.2255913568064757,-36.505915599999874,2
585.048215799965,-0.23302180693745633,-36.518220199999874,2
585.1121537999716,-0.16378366540897166,-36.528692199999874,2
585.1621610999573,-0.32981984639651307,-36.545185599999876,2
585.2123618000187,-0.22424786877936226,-36.556442999999874,2
585.2646621000022,-0.2703082009944064,-36.570580199999874,2
585.3313415000448,-0.2512800053582928,-36.58733539999987,2
585.3954550999915,-0.22050235849722738,-36.60147259999987,2
585.4454897999531,-0.17266816842391952,-36.61011199999987,2
585.5117466000374,0.10273360608015883,-36.60330519999987,1
585.5798187999753,0.1884499107081172,-36.59047699999987,1
585.6300598999951,0.2970197705489397,-36.575554399999874,1
585.6965091000311,0.22063170048783634,-36.56089359999987,1
585.7616920999717,0.05221300036975934,-36.55749019999987,1
585.8118205000646,-0.05744847221655749,-36.56036999999987,2
585.8631940999767,-0.12230406299651715,-36.56665319999987,2
585.9284257000545,-0.09632141465952081,-36.57293639999987,2
585.978499699966,-0.12547829234930238,-36.57921959999987,2
586.0450800999533,-0.1061663793150778,-36.58628819999986,2
586.0950852000387,-0.2041831729676123,-36.59649839999987,2
586.1465284000151,-0.2544553994700667,-36.609588399999865,2
586.2117534000427,-0.25688309686344907,-36.62634359999986,2
586.263271200005,-0.2998225858111122,-36.64178979999986,2
586.3285903000506,-0.21242484955110572,-36.655665199999866,2
586.3950507000554,-0.2678647735899149,-36.67346759999987,2
586.4452100000344,-0.4175496868731069,-36.69441159999987,2
586.4965660000453,-0.3874289274046707,-36.714308399999865,2
586.5618270999985,-0.2527294209234387,-36.73080179999987,2
586.6118506999919,-0.3454129651257959,-36.74808059999987,2
586.6620481000282,-0.385940307386493,-36.76745379999986,2
586.7299373999704,-0.28536455695521434,-36.78682699999986,2
586.7952694999985,-0.25245476561885827,-36.80332039999986,2
586.8466389999958,-0.2242420113222796,-36.814839599999864,2
586.9118330000201,-0.14054974378896562,-36.824002599999865,2
586.9633473999565,-0.26426785552780263,-36.837616199999864,2
587.0283913000021,-0.2656482773618341,-36.854894999999864,2
587.0784679000499,-0.3868713127792849,-36.87426819999986,2
587.1450358000584,-0.3067420993484328,-36.89442679999986,2
587.1952415000414,-0.354589220068822,-36.912229199999864,2
587.2621488999575,-0.2191207552286654,-36.926889999999865,2
587.3149338000221,-0.32734361491373676,-36.944168799999865,2
587.364971300005,-0.39763777180742554,-36.96406559999986,2
587.4288730999688,-0.29497760643177445,-36.982915199999866,2
587.4788882000139,-0.3350028288433181,-36.999670399999864,2
587.5455762000056,-0.22376739446163113,-37.01459299999986,2
587.6149195999606,-0.2869314168749076,-37.03448979999986,2
587.6790438999888,-0.34702912921021606,-37.05674279999986,2
587.7310025000479,-0.3980515251845622,-37.07742499999986,2
587.7957496000454,-0.27495285504206446,-37.095227399999864,2
587.8457738000434,-0.28784068511987976,-37.10962639999986,2
587.9122126000002,-0.26401139110582583,-37.12716699999986,2
587.962258100044,-0.3818804884211652,-37.14627839999986,2
588.0288905999623,-0.27110194007635524,-37.164342599999856,2
588.0955817999784,-0.2119799913121107,-37.178479799999856,2
588.1621867000358,-0.14936438597494126,-37.188428199999855,2
588.2122876000358,-0.25082184152399895,-37.20099459999985,2
588.2791306000436,-0.22716514815657035,-37.216178999999855,2
588.3457922999514,-0.22778297014611454,-37.23136339999986,2
588.4150263000047,-0.1852875753261719,-37.24419159999986,2
588.4789501000196,-0.12696053736025492,-37.25230739999986,2
588.5289516999619,-0.07330165443159846,-37.25597259999986,2
588.5789755999576,-0.05233498388218223,-37.258590599999856,2
588.6290171999717,-0.08893800355599098,-37.263041199999854,2
588.6955735000083,-0.09047077431720121,-37.269062599999856,2
588.7621743000345,-0.051101488250302154,-37.27246599999986,2
588.8124690999975,-0.036437166493309955,-37.27429859999986,2
588.8789582999889,-0.02362488945880895,-37.27586939999986,2
588.9289775999496,-0.057573776567503454,-37.278749199999865,2
588.995427899994,-0.08273551806881516,-37.284246999999866,2
589.0455507000443,-0.16191832842249368,-37.292362799999864,2
589.1135121999541,-0.10400888752270457,-37.29943139999986,2
589.1790229000617,-0.08791846203054134,-37.30519099999986,2
589.2456359000644,-0.11004458588719945,-37.31252139999986,2
589.2956508999923,-0.2146116168241957,-37.323255199999856,2
589.3457781999605,-0.27158055607720666,-37.336868799999856,2
589.4123679000186,-0.23982387645635295,-37.352838599999856,2
589.4792489999672,-0.21529251180158843,-37.367237599999854,2
589.5453087000642,-0.16644943867231457,-37.378233199999855,2
589.6123455000343,-0.12106484801813189,-37.38634899999985,2
589.6628995999927,-0.24339470013564982,-37.398653599999854,2
589.7291822000407,-0.26463355371240843,-37.41619419999985,2
589.7792428999674,-0.4183720968878015,-37.43713819999985,2
589.8457121000392,-0.29933864073110433,-37.45703499999985,2
589.9123842000263,-0.17670059893552428,-37.46881599999985,2
589.9624646999873,-0.20910334377944462,-37.47928799999985,2
590.0290315999882,-0.19664427815958904,-37.492377999999846,2
590.0957452000584,-0.22760576530150503,-37.50756239999985,2
590.1620806000428,-0.2446898639914969,-37.523793999999846,2
590.2287845000392,-0.19624039974746996,-37.536883999999844,2
590.2954185999697,-0.1375121748407149,-37.546046999999845,2
590.3456144999946,-0.17732922401220105,-37.55494819999984,2
590.4120165000204,-0.22078853038001092,-37.56960899999984,2
590.4783653999912,-0.2525316924226839,-37.58636419999984,2
590.5284168999642,-0.30860613584640917,-37.60181039999984,2
590.5784610999981,-0.2511060221063047,-37.61437679999984,2
590.6285003999947,-0.17788418304433087,-37.623277999999836,2
590.6787218999816,-0.13553557742738076,-37.630084799999835,2
590.7450963000301,-0.1301616284845511,-37.638724199999835,2
590.8118016000371,-0.14913957360140376,-37.648672599999834,2
590.8783780999947,-0.14942810160247316,-37.65862099999983,2
590.9283865999896,-0.1936990711777578,-37.668307599999835,2
590.9784861999797,-0.2090236249805825,-37.678779599999835,2
591.0285781000275,-0.19337657367254343,-37.68846619999984,2
591.0951207999606,-0.12196379179331802,-37.696581999999836,2
591.1451376000186,-0.13085603222118625,-37.70312699999984,2
591.1951863999711,-0.12031057699117062,-37.70914839999984,2
591.2616549000377,-0.1733031434208222,-37.72066759999984,2
591.311714499956,-0.29809666925725586,-37.73559019999984,2
591.3618070000084,-0.31357987689901207,-37.75129819999984,2
591.4286822000286,-0.21139675089929438,-37.76543539999984,2
591.4951240000082,-0.17731307706304,-37.77721639999984,2
591.5452080999967,-0.2352243526930925,-37.788997399999836,2
591.6118834000081,-0.07067684733617223,-37.79370979999984,2
591.678442100063,-0.0865341419716831,-37.799469399999836,2
591.7285033999942,-0.17780601007610164,-37.80837059999983,2
591.7949524000287,-0.18123372802827473,-37.820413399999836,2
591.8450053000124,-0.30859750394136154,-37.835859599999836,2
591.9117401000112,-0.239302432917821,-37.851829399999836,2
591.9620053999824,-0.22916803454065734,-37.86334859999984,2
592.0283117999788,-0.10660509393338478,-37.870417199999835,2
592.0784503000323,-0.17231069917912345,-37.879056599999835,2
592.1468712000642,-0.17819405897905627,-37.89109939999984,2
592.2116763000377,-0.27470677473365634,-37.90890179999984,2
592.2624667000491,-0.3298891128287597,-37.92565699999984,2
592.3285885000369,-0.17817119319474414,-37.93743799999984,2
592.3951733000576,-0.07470473739422166,-37.942412199999836,2
592.4452155999606,-0.010463148196924347,-37.94293579999984,2
592.5118155999808,-0.04717117115692309,-37.94607739999984,2
592.5623567999573,-0.04143945931182046,-37.948171799999834,2
592.6290151999565,-0.03927487008439611,-37.95078979999983,2
592.6951081999578,-0.10298821357585203,-37.95759659999983,2
592.7453278000467,-0.23980278573869332,-37.969639399999835,2
592.8118157000281,-0.24806618955636028,-37.98613279999984,2
592.8786189999664,-0.20378634008451374,-37.999746399999836,2
592.9457885000156,-0.12472327460920749,-38.00812399999984,2
593.0123232000042,-0.11804366746000854,-38.01597799999984,2
593.078491399996,-0.17013308509818678,-38.02723539999984,2
593.1285369000398,-0.2929494157751404,-38.04189619999984,2
593.1785481000552,-0.31408964382283594,-38.05760419999984,2
593.2452232999494,-0.21203086038625368,-38.07174139999984,2
593.3120206999592,-0.09798285560572667,-38.07828639999984,2
593.3625385999912,-0.15028732380388163,-38.08587859999984,2
593.4284879000625,-0.1706977934237683,-38.097135999999836,2
593.4951903000474,-0.20409460533766408,-38.110749599999835,2
593.5622126000235,-0.24218207978226697,-38.12698119999983,2
593.6288878000341,-0.215957357423751,-38.14138019999983,2
593.696156400023,-0.13621511376055076,-38.15054319999983,2
593.7623686000006,-0.06721721981003088,-38.15499379999983,2
593.8321808000328,-0.11625188715238373,-38.16310959999983,2
593.8951027999865,-0.19555322477125042,-38.17541419999983,2
593.9453565999866,-0.3594593841655152,-38.193478399999826,2
594.0121787999524,-0.2546608763061151,-38.21049539999983,2
594.0623198000249,-0.23495741973578935,-38.22227639999983,2
594.1286571000237,-0.11050193481083972,-38.22960679999983,2
594.179316499969,-0.2067138578686195,-38.24007879999983,2
594.245272399974,-0.2500670902638495,-38.25657219999983,2
594.2954537000041,-0.4382349597721372,-38.27856339999983,2
594.3461444999557,-0.42350091181273924,-38.300030999999834,2
594.411788300029,-0.19542134955129004,-38.312859199999835,2
594.4785188999958,-0.15692950468308567,-38.323331199999835,2
594.528813199955,-0.2654734236450247,-38.33668299999984,2
594.5791410000529,-0.32251757415252597,-38.352914599999835,2
594.6455731999595,-0.27586020071256084,-38.37124059999984,2
594.7123607000103,-0.2508732919669555,-38.387995799999835,2
594.7784809999866,-0.33655322205086624,-38.410248799999835,2
594.8291284999577,-0.1654099413550859,-38.41862639999984,2
594.8956945999525,-0.16125024600864313,-38.429360199999834,2
594.9620624999516,-0.26034875294011856,-38.446638999999834,2
595.0122351000318,-0.3652591249144875,-38.464964999999836,2
595.0787941999733,-0.23993413393559535,-38.48093479999984,2
595.1450875999872,-0.16191355395503115,-38.491668599999834,2
595.1952133000595,-0.15668609094053987,-38.499522599999835,2
595.2618008999852,-0.22410478852897073,-38.514445199999834,2
595.3287451999495,-0.25419639923177223,-38.53146219999984,2
595.3951216000132,-0.23665037550868323,-38.54717019999983,2
595.461578699993,-0.11818150359245227,-38.555024199999835,2
595.5118117999518,-0.08859895175979614,-38.55947479999983,2
595.5783195999684,-0.11415503141151086,-38.56706699999983,2
595.6283760999795,-0.23535404987128522,-38.57884799999983,2
595.6949758999981,-0.2397875068024449,-38.59481779999983,2
595.7449952999596,-0.3768457841262569,-38.613667399999834,2
595.8120859999908,-0.2380329910488268,-38.629637199999834,2
595.8783385000424,-0.17386815578314402,-38.641156399999836,2
595.9450022999663,-0.15315958603715848,-38.65136659999984,2
595.9950472000055,-0.2720277188951031,-38.66498019999984,2
596.061637399951,-0.3263152838974198,-38.68670959999984,2
596.1283212000271,-0.3140792812660306,-38.70765359999984,2
596.178544000024,-0.3388301727715075,-38.72467059999984,2
596.2449852999998,-0.19307569244826392,-38.73749879999984,2
596.2950576000148,-0.25096510438368436,-38.75006519999984,2
596.3616471999558,-0.23196114729181297,-38.76551139999984,2
596.4116829000413,-0.4081166040462366,-38.78593179999984,2
596.4783146999544,-0.28682100776131114,-38.80504319999984,2
596.5450303000398,-0.26291601930485836,-38.82258379999983,2
596.6116441000486,-0.21615641200624908,-38.83698279999983,2
596.6618811000371,-0.33352310057959017,-38.85373799999983,2
596.7282977000577,-0.29169213711617964,-38.873111199999826,2
596.7783978000516,-0.36578769308329523,-38.89143719999983,2
596.8449455000227,-0.24390925617328613,-38.907668799999826,2
596.8950860999757,-0.2558445653227517,-38.92049699999983,2
596.9617447999772,-0.2395756292825746,-38.93646679999983,2
597.0283183000283,-0.2910046788153137,-38.955839999999824,2
597.0783363999799,-0.41349431545841536,-38.97652219999983,2
597.144946699962,-0.2944975899435187,-38.995895399999824,2
597.1953661000589,-0.3167391910518009,-39.011865199999825,2
597.2619702999946,-0.22404893406737642,-39.02678779999982,2
597.3284387000604,-0.30721967099838265,-39.04720819999982,2
597.3950494000455,-0.29477246154701287,-39.06684319999982,2
597.4454778999789,-0.347831088039286,-39.08438379999982,2
597.4956304000225,-0.29232441029356243,-39.09904459999982,2
597.5617941999808,-0.2176265572575071,-39.11344359999982,2
597.61230909999,-0.37833193763699596,-39.13255499999982,2
597.6627606999828,-0.36323922338659387,-39.15088099999982,2
597.7289050000254,-0.23352276749530768,-39.16632719999982,2
597.7956588000525,-0.16471871257577345,-39.17732279999982,2
597.8623913000338,-0.1412325329133658,-39.18674759999982,2
597.9284659000114,-0.14263877500881694,-39.19617239999982,2
597.978816100047,-0.4107669877254285,-39.21685459999982,2
598.0450982999755,-0.2251373674393576,-39.23177719999982,2
598.1117652000394,-0.19242232633752238,-39.24460539999982,2
598.1622655000538,-0.2540222532607574,-39.25743359999982,2
598.2284641000442,-0.14237159096051288,-39.26685839999982,2
598.2952055999776,-0.19220724755659194,-39.27968659999982,2
598.345220200019,-0.31930276332922064,-39.29565639999982,2
598.3955537000438,-0.36929281672878744,-39.31424419999982,2
598.4617451999802,-0.26499777187184675,-39.33178479999982,2
598.5120193000184,-0.2707875424850907,-39.345398399999816,2
598.5786752999993,-0.14532225160196327,-39.35508499999982,2
598.628765600035,-0.2195155547515473,-39.36608059999982,2
598.6951312000165,-0.20118555401774552,-39.37943239999982,2
598.7617859999882,-0.2278065496624429,-39.394616799999824,2
598.8120820999611,-0.2862846226199469,-39.40901579999982,2
598.8784662999678,-0.16169208936633836,-39.41974959999982,2
598.9284703000449,-0.1518318532178483,-39.427341799999816,2
598.9786970999558,-0.1980695568431666,-39.437290199999815,2
599.0452288000379,-0.2006832830593421,-39.45064199999982,2
599.0952469999902,-0.3402161616415976,-39.46765899999982,2
599.1617564000189,-0.2637311416494748,-39.48519959999982,2
599.2122240000172,-0.2956867376400677,-39.500122199999815,2
599.278901200043,-0.10601225002334419,-39.50719079999981,2
599.3455615000566,-0.14138550228660612,-39.51661559999981,2
599.4117749000434,-0.18978635748228057,-39.52918199999981,2
599.4618361999746,-0.2876273692407526,-39.543580999999804,2
599.5284538000124,-0.16898537313902773,-39.5548383999998,2
599.5784862999571,-0.13081497041367385,-39.561383399999805,2
599.6287282999838,-0.0625293578745859,-39.564524999999804,2
599.6952515000012,-0.035419222156837044,-39.566881199999806,2
599.7621830999851,-0.03520310287764178,-39.56923739999981,2
599.8288365000626,-0.07070006923160464,-39.57394979999981,2
599.8954365999671,-0.08254942571987955,-39.57944759999981,2
599.961858100025,-0.07882989687728666,-39.584683599999806,2
600.0121710000094,-0.07805155340312513,-39.588610599999804,2
600.0788508000551,-0.03140981224546728,-39.5907049999998,2
600.1288853000151,-0.015697168965964882,-39.5914903999998,2
600.1955649000593,0.011778714921504133,-39.5907049999998,1
600.2621027999558,0.031476797483205365,-39.588610599999804,1
600.3285803999752,0.015752674580520386,-39.5875633999998,1
600.3952675999608,-0.003925790857263436,-39.5878251999998,2
600.4453332000412,-0.06797881168973192,-39.5912285999998,2
600.5115994999651,-0.07506379571084722,-39.5962027999998,2
600.5782892999705,0.015702551213455578,-39.5951555999998,1
600.6285318000009,0.020842911864768533,-39.5941083999998,1
600.69496480003,-0.0039408125462565505,-39.594370199999794,2
600.7452643000288,-0.026024115548488894,-39.59567919999979,2
600.7953772000037,-0.03134522250331038,-39.597249999999796,2
600.8615705999546,-0.059326156428211464,-39.601176999999794,2
600.9116495000198,-0.1359215156708312,-39.60798379999979,2
600.9619325000094,-0.17181552416902127,-39.61662319999979,2
601.0283104999689,-0.05916116789290467,-39.62055019999979,2
601.0949353000615,0.01571787080104492,-39.61950299999979,1
601.1449758999515,0.020927007316076468,-39.618455799999786,1
601.1953313000267,0.06238854214856977,-39.61531419999979,1
601.2616482999874,0.0039477057188229475,-39.61505239999979,1
601.3282236000523,-0.03145911468606633,-39.61714679999979,2
601.3782594000222,-0.11510958160882026,-39.622906399999785,2
601.4282623999752,-0.18848469109573138,-39.63233119999978,2
601.4782655000454,-0.2879621459428193,-39.64673019999978,2
601.5286051000003,-0.30683994338135,-39.66217639999978,2
601.5953911000397,-0.18031922847438517,-39.67421919999978,2
601.6454430000158,-0.1359948374237677,-39.68102599999978,2
601.7115723000607,-0.0395891079782252,-39.68364399999978,2
601.7616254000459,-0.06799578849270067,-39.687047399999784,2
601.8282333000097,-0.22010602357911851,-39.701708199999786,2
601.8782509999583,-0.37685859244634773,-39.72055779999979,2
601.9284450999694,-0.3598869189006441,-39.738621999999786,2
601.995228099986,-0.18816764740846084,-39.75118839999978,2
602.0615904000588,-0.11046030640828995,-39.758518799999784,2
602.1450853999704,-0.130260931948648,-39.767158199999784,2
602.1951718999771,-0.19339742243316754,-39.776844799999786,2
602.2618845000397,-0.0941831077503203,-39.783127999999785,2
602.3285538000055,0.007853689783291415,-39.782604399999784,1
602.3954202999594,0.019576319994352998,-39.781295399999784,1
602.4619075000519,0.0,-39.781295399999784,0
602.5286516000051,-0.05099177309134157,-39.78469879999979,2
602.5787278000498,-0.09933261700285666,-39.78967299999979,2
602.6453722000588,-0.07856624111397971,-39.794908999999784,2
602.695422800025,-0.10984483709911476,-39.800406799999784,2
602.7617629000451,-0.06708762872903158,-39.80485739999978,2
602.8295901999809,-0.13895289962785878,-39.81428219999978,2
602.8954639000585,-0.2026878706412757,-39.82763399999978,2
602.9620546000078,-0.25554619508363385,-39.844650999999786,2
603.0283465000102,-0.25274882752484107,-39.861406199999784,2
603.0784328000154,-0.27702984645617795,-39.87528159999979,2
603.1284385999897,-0.1884741370969164,-39.884706399999786,2
603.1788254999556,-0.12989487355722268,-39.89125139999979,2
603.2289239000529,-0.17244862077858358,-39.89989079999979,2
603.2789533999749,-0.2145494161793756,-39.910624599999785,2
603.3454740999732,-0.19678085167958187,-39.923714599999784,2
603.4117899000412,-0.2368666288260187,-39.93942259999978,2
603.4619548000628,-0.33400245974329357,-39.95617779999978,2
603.5121634999523,-0.31285414747994483,-39.971885799999775,2
603.5786824000534,-0.14562177043338898,-39.98157239999978,2
603.6287551999558,-0.17776517425325175,-39.990473599999774,2
603.6953263999894,-0.1769684186862344,-40.00225459999977,2
603.7620028000092,-0.2238063242102376,-40.01717719999977,2
603.8285574000329,-0.26748564327139035,-40.03497959999977,2
603.8787079000613,-0.3132172160019633,-40.05068759999977,2
603.9287577000214,-0.2563087167226447,-40.06351579999977,2
603.9953432000475,-0.12188539542116739,-40.07163159999977,2
604.0619874000549,-0.10606474380684006,-40.078700199999766,2
604.1120903999545,-0.18288326085011108,-40.08786319999977,2
604.1621020999737,-0.24603442784920737,-40.10016779999977,2
604.2287676000269,-0.23169705451354375,-40.115613999999766,2
604.2788993000286,-0.2558899857690042,-40.12844219999977,2
604.3450824000174,-0.193828938235918,-40.14127039999977,2
604.4121919999598,-0.23016379196524656,-40.15671659999977,2
604.4784821000649,-0.15007369100704676,-40.16666499999977,2
604.5453245999524,-0.18016681034156443,-40.17870779999977,2
604.6120136999525,-0.16487851837837775,-40.18970339999977,2
604.6789375999942,-0.08606192998926697,-40.19546299999977,2
604.7452281999867,-0.04739133452337879,-40.19860459999977,2
604.8120431000134,-0.011754863057291925,-40.19938999999977,2
604.8620571000502,0.005234534326540798,-40.19912819999977,1
604.9121461999603,-0.01045337210969355,-40.19965179999977,2
604.9622008999577,-0.041842224608439414,-40.20174619999977,2
605.0284479999682,-0.11460426190421952,-40.209338399999766,2
605.0787286000559,-0.20827118176256929,-40.219810399999766,2
605.1449764999561,-0.1936393458408046,-40.23263859999977,2
605.1952344999881,-0.27608340943039755,-40.24651399999977,2
605.2619005000452,-0.17671676701654593,-40.25829499999977,2
605.3284192000283,-0.07871470731279376,-40.263530999999766,2
605.3784980999772,-0.03136650368926144,-40.26510179999977,2
605.4451834000647,-0.0039259027050378825,-40.265363599999766,2
605.5115794000449,-0.003943008616155082,-40.26562539999976,2
605.5616442000028,-0.03137533758889737,-40.267196199999766,2
605.6283705000533,-0.027464433043836126,-40.26902879999977,2
605.6949272999773,-0.015733929533808137,-40.27007599999977,2
605.7449330999516,0.0,-40.27007599999977,0
605.8116636000341,0.019616217447523232,-40.26876699999977,1
605.8782041999511,0.011803320092980048,-40.26798159999977,1
605.9282882000552,0.02090887304974125,-40.26693439999977,1
605.9949279000284,0.01571435646351468,-40.26588719999977,1
606.0616482000332,0.01569537307123,-40.264839999999765,1
606.1118652999867,0.0052133635801892095,-40.26457819999977,1
606.1782174999826,-0.007891222898900577,-40.26510179999977,2
606.2282494000392,-0.020930646223999764,-40.26614899999977,2
606.2782508999808,-0.0366509005158129,-40.26798159999977,2
606.3282824000344,-0.0366289237387842,-40.26981419999977,2
606.3948901999975,-0.015721882430889886,-40.270861399999774,2
606.4449338000268,0.0,-40.270861399999774,0
606.5115979999537,-0.0039271453086831,-40.27112319999977,2
606.56161720003,0.031403940838764674,-40.26955239999977,1
606.6284054999705,0.007839696480764661,-40.26902879999977,1
606.6950814999873,0.0039264502959725466,-40.26876699999977,1
606.7615446000127,0.0,-40.26876699999977,0
606.8283613000531,-0.011754546386241073,-40.26955239999977,2
606.8949719000375,-0.019651526938749563,-40.27086139999977,2
606.9451389999595,-0.020874238328086332,-40.27190859999977,2
607.0115888,-0.003939816219765151,-40.272170399999766,2
607.0783694999991,0.011760883009775552,-40.27138499999977,1
